178 43 110
173 44 101
168 43 101
177 52 116
169 42 111
169 42 109
164 38 101
192 13 130
175 50 114
173 46 115
163 36 105
175 41 114
188 9 127
185 3 124
95 85 154
178 52 116
170 40 110
166 34 107
172 36 108
187 4 128
192 9 135
106 96 167
100 90 159
170 44 107
164 35 100
167 37 101
189 6 132
104 99 165
104 98 168
99 98 164
171 43 104
162 36 97
171 43 102
117 42 145
112 46 134
134 70 128
193 8 135
192 5 134
190 5 132
157 79 119
87 92 160
77 82 150
87 88 155
174 46 105
170 42 103
166 41 99
172 42 102
125 55 179
106 37 166
111 40 168
120 43 175
127 52 181
122 60 135
147 82 112
194 9 136
194 7 138
193 6 137
148 60 111
150 40 113
150 50 122
100 98 163
100 103 170
83 92 161
77 87 158
78 87 156
92 97 165
100 97 166
176 48 107
174 46 107
169 44 102
172 44 101
193 6 139
181 0 154
159 61 120
129 67 118
81 86 154
74 82 154
73 83 155
75 87 159
71 79 151
87 87 157
108 96 162
173 48 106
186 2 134
183 0 131
190 4 137
81 85 156
74 82 155
74 83 158
69 79 151
62 66 139
93 85 160
105 83 155
175 50 108
149 77 127
186 5 136
180 0 132
186 2 136
92 90 163
83 85 159
72 78 154
78 84 160
78 84 158
71 67 144
90 62 146
120 71 153
139 66 145
164 42 67
166 45 86
175 53 110
170 49 103
170 53 98
154 79 110
184 2 136
181 0 135
186 1 138
157 65 116
97 83 162
82 69 151
78 65 147
82 64 148
90 60 146
101 47 141
125 50 143
139 43 132
156 53 136
158 40 64
156 37 75
163 45 93
168 51 103
163 49 98
165 54 94
158 71 105
156 74 88
178 0 133
183 3 138
188 3 140
173 17 142
181 15 125
183 12 118
178 8 117
179 5 118
174 51 116
148 63 131
117 72 157
119 70 162
102 48 144
100 43 140
112 44 145
118 32 139
128 31 136
127 20 116
144 26 120
162 37 128
173 43 131
182 26 107
174 15 95
180 18 94
145 30 33
146 30 53
143 29 65
147 34 77
156 45 88
153 49 86
156 56 84
189 4 141
175 0 130
180 5 136
165 24 152
159 14 131
159 10 114
159 7 108
166 6 116
180 11 128
192 12 135
168 41 108
159 58 128
158 56 132
103 92 152
89 74 141
125 52 144
122 41 136
130 45 146
130 42 146
131 38 145
138 36 146
139 29 142
138 22 133
128 11 115
141 16 118
154 19 121
165 19 118
181 23 120
174 18 99
160 8 83
166 11 85
177 20 91
153 29 31
139 25 25
134 23 40
135 26 55
139 33 69
144 44 80
138 48 76
142 55 72
161 42 100
181 1 134
170 0 125
177 4 132
186 9 141
160 19 160
151 19 154
150 16 139
145 11 124
145 8 112
151 9 111
163 9 119
180 18 130
163 38 114
167 45 120
155 41 113
152 43 124
155 57 130
101 82 146
104 82 154
108 58 143
127 52 145
143 46 143
133 22 124
141 24 129
139 19 127
143 19 133
156 29 146
153 21 140
150 19 135
138 12 122
139 13 121
142 12 121
152 12 119
167 12 114
177 13 112
186 17 116
177 14 97
159 7 82
156 6 77
167 13 83
174 18 81
143 32 25
136 31 38
125 26 44
117 24 51
115 30 59
122 44 66
128 56 70
141 72 77
155 80 85
160 57 78
153 35 95
166 31 125
181 8 134
170 0 125
165 0 120
171 0 128
179 3 137
180 1 142
157 14 156
139 9 141
133 7 130
133 6 121
141 9 119
153 13 120
167 16 121
186 25 129
153 16 96
168 29 108
178 46 122
161 37 121
163 41 126
93 60 131
114 77 155
106 50 139
114 34 129
141 37 136
144 25 127
147 20 127
151 19 129
147 13 128
151 16 134
153 18 138
150 17 136
142 13 129
139 12 125
141 10 124
151 13 124
161 10 115
169 7 110
175 6 109
175 3 101
184 13 105
176 10 94
160 5 81
156 6 77
162 11 80
173 19 81
142 33 26
143 40 43
124 31 42
106 22 45
104 29 52
108 40 55
119 56 65
128 69 73
144 79 83
146 47 68
148 34 94
161 27 122
179 9 134
171 0 128
171 1 126
181 8 136
180 4 138
178 1 141
172 10 157
152 11 151
134 7 138
129 6 130
135 12 129
146 17 133
155 17 128
173 24 128
178 46 122
177 36 114
174 29 106
153 6 86
181 35 120
177 35 121
132 69 148
114 56 140
118 63 147
123 60 149
107 34 126
107 13 110
126 20 120
142 27 131
143 20 127
144 16 129
146 19 134
134 11 128
143 20 137
148 24 138
142 14 127
150 13 127
156 14 126
155 8 115
163 8 112
174 8 110
176 6 103
173 6 94
165 3 86
158 3 79
159 7 80
160 9 78
170 18 79
164 16 48
150 25 29
143 31 27
138 35 36
122 29 39
103 21 43
100 27 47
105 39 51
127 66 71
140 82 80
148 84 85
148 53 77
148 38 101
160 29 125
179 8 140
179 5 136
177 2 131
170 11 153
151 13 148
131 6 134
130 10 133
137 15 134
146 17 135
156 19 131
173 26 130
181 36 113
179 28 107
175 26 108
179 31 117
170 43 132
131 33 120
117 41 131
107 34 124
110 44 134
98 29 120
106 26 121
139 52 149
144 49 149
138 36 138
139 27 135
143 29 140
132 20 132
135 21 134
148 25 139
150 19 133
154 15 130
158 15 129
160 14 123
159 3 110
172 5 110
178 8 105
170 6 95
159 0 84
157 2 80
159 9 83
156 11 78
164 18 80
172 23 78
158 16 56
137 15 28
135 27 27
120 19 23
112 20 31
101 20 39
101 28 47
99 31 42
124 64 66
151 96 93
148 88 88
152 79 90
150 62 84
161 61 89
136 55 54
136 42 79
162 50 124
179 7 145
175 0 134
176 0 131
185 8 140
188 8 143
167 11 146
143 8 137
127 4 129
130 12 132
136 14 133
145 16 134
158 20 132
179 30 134
157 68 116
161 74 119
173 42 118
163 25 102
153 16 96
159 21 106
167 28 117
161 28 119
137 16 111
147 40 134
135 42 133
126 45 137
113 40 130
102 37 129
92 31 124
91 32 124
92 27 121
109 35 130
135 47 147
138 42 142
143 40 145
146 34 142
150 28 137
156 25 137
154 17 133
155 12 126
162 11 124
166 6 116
175 5 111
178 8 107
172 9 102
162 4 91
159 8 89
154 9 84
150 14 80
154 20 81
165 26 89
153 21 71
133 16 42
131 25 39
117 19 32
111 20 35
108 23 42
106 28 44
100 30 41
119 57 62
145 91 89
132 78 78
130 64 74
133 56 74
139 49 74
156 48 82
140 74 39
116 55 27
115 57 37
119 59 48
105 43 44
110 36 61
126 32 92
156 38 132
175 0 141
174 0 132
179 2 134
183 6 140
184 8 142
165 12 139
141 8 133
127 7 128
129 11 131
133 11 128
145 12 129
165 23 135
154 62 113
139 56 102
146 65 106
145 67 106
147 73 110
161 34 113
157 22 101
157 21 103
145 7 93
157 17 106
147 8 101
154 15 114
154 28 127
131 24 117
119 29 117
111 30 122
97 26 118
77 18 110
95 42 134
84 31 121
99 39 129
118 43 136
135 48 145
143 43 142
147 34 140
151 25 135
153 20 135
155 18 134
156 11 130
162 7 124
167 5 117
176 4 112
177 6 108
173 8 103
154 0 88
152 6 89
143 7 81
139 13 77
141 17 79
149 23 87
150 29 83
133 21 57
126 24 48
112 17 37
109 18 36
113 26 45
110 29 46
107 33 46
119 54 62
129 74 77
115 63 67
110 52 64
115 48 66
127 48 70
144 47 78
166 47 87
119 54 26
108 51 34
87 34 28
90 37 43
92 37 58
106 34 80
125 28 107
155 33 144
185 6 147
183 3 138
185 8 142
184 13 143
179 19 145
147 1 125
134 6 127
126 6 127
126 6 127
136 11 129
149 11 130
171 24 138
162 68 120
142 58 107
136 59 103
139 63 102
133 59 96
131 57 94
172 40 126
169 30 119
169 24 115
164 17 108
169 20 112
169 20 114
167 18 118
160 21 120
146 27 117
113 9 96
123 28 120
124 39 132
118 41 135
115 46 139
98 38 128
112 49 140
117 44 136
137 50 145
137 32 135
146 26 134
152 19 134
163 24 143
157 15 137
152 4 126
156 0 123
169 4 122
179 5 116
180 5 108
172 7 102
159 6 94
141 8 89
131 9 82
127 12 77
130 17 79
131 17 79
136 22 81
126 21 64
115 15 49
106 10 37
105 13 34
110 21 43
106 23 41
104 28 41
106 36 47
107 48 54
110 54 63
105 48 65
108 46 69
121 51 77
139 53 82
159 51 83
167 35 72
136 49 22
133 62 44
101 43 32
85 33 33
87 37 49
93 38 69
106 35 93
130 31 124
158 32 157
188 8 143
163 13 136
138 2 124
128 4 126
123 3 126
128 4 126
139 9 131
156 14 136
169 20 136
186 33 124
160 68 117
144 61 107
131 56 99
128 57 99
126 58 95
119 52 87
129 59 93
180 32 126
175 26 120
164 15 109
167 18 110
167 18 110
164 14 111
168 27 123
159 32 119
148 31 119
141 32 125
133 32 126
125 36 130
120 43 135
116 51 143
115 50 142
103 26 120
129 34 134
135 22 128
141 13 126
157 18 137
158 13 134
158 10 134
153 3 128
157 1 124
165 3 122
175 5 114
173 4 105
166 5 98
153 5 89
133 6 83
129 14 83
123 13 74
122 14 72
126 16 77
124 16 74
119 17 65
108 10 49
106 11 43
101 11 37
103 17 42
99 17 39
99 22 40
105 34 48
104 41 52
101 43 55
100 45 64
104 46 70
120 56 83
136 60 88
146 52 79
161 52 81
164 43 74
164 36 69
163 33 67
167 36 70
136 58 46
100 39 36
91 38 44
84 35 56
95 40 80
114 45 112
135 40 140
184 8 143
179 16 145
150 6 129
136 4 124
128 4 126
126 3 127
130 4 129
143 9 132
156 14 136
162 15 129
180 31 131
183 35 123
181 34 112
147 64 110
133 58 101
123 52 96
124 57 98
118 52 90
119 53 89
138 71 104
177 23 119
173 25 119
164 24 113
159 21 107
153 13 102
159 20 109
152 22 108
155 28 117
158 33 127
150 35 130
134 37 130
105 24 116
85 16 109
105 35 131
106 20 121
123 18 123
140 13 126
151 12 129
158 10 132
153 0 124
155 2 126
154 1 125
152 0 118
158 1 116
162 2 110
162 3 103
156 6 93
145 4 82
135 10 78
128 12 73
126 13 69
127 16 69
127 18 75
120 13 69
113 14 61
105 10 52
103 12 47
100 13 45
99 18 48
90 14 40
90 16 39
94 22 42
96 28 43
95 31 45
96 39 58
102 47 70
114 54 80
126 57 85
139 56 82
151 57 83
158 49 80
164 45 77
166 41 75
133 49 39
108 42 43
95 41 54
90 40 67
99 45 94
116 53 124
133 49 147
175 3 139
161 5 132
143 3 126
134 4 126
130 6 130
133 8 134
137 8 134
143 9 132
148 10 129
152 12 121
165 24 120
167 28 111
167 31 103
177 41 103
170 56 108
171 64 116
148 65 111
133 57 103
127 56 100
122 55 99
127 60 104
126 59 100
134 66 105
149 82 117
185 30 122
181 37 125
171 37 122
159 23 108
155 19 104
152 16 101
160 26 113
166 35 128
164 45 139
143 44 135
119 34 125
114 34 129
112 27 128
117 16 122
127 9 119
149 12 128
159 11 131
158 6 127
156 2 124
158 4 126
156 3 120
157 4 120
156 2 112
153 0 104
150 2 96
142 3 84
132 2 72
122 4 64
116 5 58
118 7 57
121 13 63
120 13 67
113 10 63
106 10 56
100 8 49
103 13 51
104 18 53
96 19 51
85 15 43
83 13 39
85 17 38
86 17 35
86 22 38
91 34 51
98 43 64
113 53 78
125 59 86
135 63 87
146 62 88
150 53 84
161 52 84
131 50 46
103 38 44
90 37 55
94 44 77
103 50 104
111 51 125
130 54 154
168 2 138
153 2 129
142 3 128
139 9 133
132 6 131
131 5 131
136 6 132
140 8 128
142 10 120
142 7 110
152 15 107
159 21 104
162 31 99
175 43 101
145 62 108
136 60 106
124 55 99
119 51 98
133 67 115
135 67 116
144 75 120
134 68 106
145 86 118
171 28 110
173 39 126
161 25 110
161 22 105
163 25 110
156 25 118
151 36 129
126 33 122
129 43 134
137 41 138
124 17 119
125 8 115
143 11 123
157 12 129
158 6 125
157 5 124
154 2 121
161 8 124
160 8 119
164 8 115
159 7 108
150 2 98
142 2 89
129 3 77
119 5 65
105 3 51
100 3 46
101 4 47
107 10 55
107 11 59
106 10 58
100 7 51
102 10 51
104 13 54
97 13 49
87 13 46
81 15 43
80 14 39
82 17 39
82 19 38
81 20 38
85 28 43
94 37 54
116 54 77
125 59 86
128 59 87
136 60 90
146 56 91
152 50 87
161 47 81
139 46 41
106 36 38
87 34 44
76 31 52
80 36 72
95 45 104
115 56 136
128 56 156
158 0 135
148 2 127
145 6 133
142 9 136
134 5 132
132 3 129
134 6 127
134 6 119
140 11 114
137 6 102
147 8 101
165 26 109
175 40 109
147 61 110
135 58 104
127 58 102
122 56 102
125 62 109
142 75 128
138 69 123
142 73 120
145 83 122
159 21 107
157 15 99
162 22 108
156 23 114
155 36 128
138 39 130
129 34 126
142 35 131
135 19 120
135 9 116
146 10 120
152 5 119
152 4 118
154 7 122
151 4 118
161 11 119
160 7 111
159 3 104
155 1 97
146 0 88
138 3 82
122 3 69
110 6 59
102 7 49
98 8 43
96 4 41
99 7 46
101 10 54
103 12 56
103 11 52
101 9 48
98 10 48
87 5 41
83 12 42
84 18 46
83 19 45
82 18 42
81 19 42
81 19 40
82 24 39
92 31 49
113 47 72
116 47 76
114 45 76
128 54 89
143 57 96
154 56 95
153 43 80
156 36 71
164 37 67
144 23 38
140 32 45
127 31 35
118 36 40
97 36 44
79 31 47
72 29 56
75 33 73
93 45 105
107 50 131
117 49 150
135 50 171
157 0 140
146 1 130
152 13 140
142 7 135
142 9 136
139 9 133
136 9 126
132 4 115
142 13 114
148 17 111
161 22 115
165 25 111
177 40 112
169 54 113
161 57 118
148 59 113
133 55 103
126 54 100
119 53 97
119 56 103
126 62 112
186 16 112
183 13 112
183 8 109
185 14 108
163 32 72
164 37 82
175 46 102
171 31 117
166 27 116
165 30 122
166 38 131
153 39 134
141 31 126
144 30 126
145 27 124
146 24 123
148 17 121
147 7 114
149 7 115
147 9 118
146 6 113
153 8 109
151 1 100
158 2 99
159 4 96
156 6 95
141 5 81
120 4 65
107 5 53
100 6 43
100 9 42
99 8 39
100 9 44
106 15 58
104 13 56
103 11 50
102 10 47
99 12 46
89 8 40
86 13 42
88 19 47
86 20 47
85 21 47
83 21 46
85 23 46
85 22 43
93 28 50
108 38 64
112 39 69
111 40 74
128 52 90
146 57 101
159 60 106
163 53 100
160 43 88
158 36 75
166 36 70
142 17 21
133 18 31
130 25 42
125 31 47
112 29 39
102 32 43
83 29 45
76 31 54
74 30 63
74 31 76
86 38 98
101 44 125
111 44 147
127 43 165
162 4 153
149 1 137
161 20 148
151 15 139
151 16 142
145 13 133
135 8 121
130 3 110
141 11 111
148 14 109
161 24 114
172 34 117
180 44 116
143 42 108
128 42 107
121 43 101
118 48 100
115 49 95
112 49 94
121 57 107
141 74 127
185 24 120
177 13 112
179 13 113
176 14 100
173 20 84
163 20 64
149 19 45
135 12 32
138 16 41
149 25 61
170 41 95
176 38 121
168 29 120
164 27 119
161 28 121
156 32 128
125 5 102
140 20 117
138 18 115
132 10 108
135 9 109
148 13 116
148 8 113
142 7 110
141 4 107
148 7 103
152 4 98
161 6 98
167 10 99
162 10 93
146 6 79
121 2 60
110 4 52
102 4 43
104 10 44
106 13 44
102 11 44
103 15 55
102 14 54
104 12 51
104 13 48
102 13 43
96 12 38
92 14 38
91 17 40
91 19 43
91 21 47
89 23 48
90 24 49
90 25 47
99 29 53
109 35 62
117 40 72
126 49 85
137 52 94
145 49 95
157 48 101
168 49 105
173 45 96
123 12 19
114 16 31
117 23 41
117 30 47
97 25 39
92 31 47
82 33 55
80 35 64
78 34 70
76 30 77
83 33 94
96 42 120
108 41 144
118 38 161
138 37 175
157 4 146
168 25 153
162 24 146
158 22 144
148 16 135
130 6 116
129 4 108
138 8 108
151 17 112
158 21 111
172 36 118
178 48 120
157 36 105
135 27 100
111 24 93
98 23 88
97 27 89
107 39 96
114 50 102
117 53 103
132 63 117
149 76 131
183 27 124
179 19 117
181 17 114
173 14 94
162 16 63
146 12 36
139 15 25
127 11 14
125 10 17
125 10 25
128 9 37
153 29 79
165 30 106
167 28 119
151 14 106
153 18 112
160 31 124
147 19 116
144 18 117
136 12 110
130 10 108
136 11 111
153 16 120
154 13 117
152 12 111
150 10 107
150 9 103
151 6 97
158 8 97
162 8 92
158 5 85
151 7 77
132 4 63
118 4 55
113 7 53
110 12 51
108 12 47
103 12 47
100 12 50
104 16 54
106 16 52
105 14 47
107 14 41
105 13 36
104 17 36
100 17 37
100 18 40
100 22 44
99 25 50
95 25 49
95 25 49
101 27 52
114 35 64
131 45 80
140 52 92
150 52 99
153 45 95
160 38 95
177 42 108
124 18 30
112 19 37
118 30 46
105 24 39
81 14 32
83 28 51
89 38 68
86 39 75
79 32 74
79 31 81
80 30 91
93 39 117
104 37 140
117 37 160
128 36 171
169 13 158
167 27 150
162 26 148
141 12 128
125 3 110
128 7 110
141 12 113
151 20 116
165 31 120
174 42 125
167 48 116
167 52 117
168 55 121
153 46 116
133 32 108
120 32 108
98 23 90
82 16 78
86 21 85
106 40 102
121 53 114
132 61 119
147 72 129
173 32 124
170 22 116
174 20 114
166 15 92
148 9 51
138 9 27
133 10 15
131 13 11
128 14 13
116 5 11
123 12 28
133 17 52
153 24 89
158 24 109
158 23 115
163 29 124
144 15 108
143 15 110
138 14 110
135 13 111
133 15 112
133 13 111
147 15 116
148 9 108
156 17 110
154 14 103
153 13 99
152 8 93
158 9 91
161 8 88
160 5 81
158 8 79
147 8 71
134 7 62
121 8 54
117 11 51
115 11 48
111 11 47
109 15 51
110 19 54
114 20 54
111 16 46
115 17 38
112 15 32
108 14 30
108 17 34
110 21 41
109 24 47
106 26 51
102 27 50
100 25 48
105 27 51
116 32 58
130 39 72
144 46 87
154 47 93
159 41 91
169 37 95
178 31 99
146 20 23
120 17 34
109 20 42
110 22 44
103 24 46
100 31 59
94 35 67
90 38 74
86 35 76
81 29 77
84 33 89
82 30 94
92 35 116
107 38 144
118 38 161
122 32 164
137 40 181
139 35 182
141 32 183
166 23 149
151 15 137
134 5 121
121 0 106
121 0 101
133 7 106
145 17 112
164 37 124
158 37 116
146 35 103
146 41 107
141 39 112
142 45 122
134 45 127
115 36 115
101 31 101
79 17 82
84 22 87
115 50 114
138 69 132
155 31 119
149 16 105
147 12 89
138 7 57
136 7 37
138 11 22
133 8 12
125 9 12
115 4 11
112 8 19
113 6 32
130 12 64
143 19 91
156 29 116
153 28 120
142 18 112
133 14 108
131 16 111
127 13 108
127 14 106
131 13 107
136 11 105
141 11 101
149 15 100
149 12 92
153 12 90
152 7 82
156 8 82
162 7 81
162 4 78
163 7 78
159 9 73
150 11 66
131 5 50
125 6 44
123 9 43
121 11 46
120 14 50
124 20 53
123 20 49
122 18 41
119 14 28
117 13 22
115 15 27
115 18 33
118 23 43
116 27 49
113 27 52
111 27 51
111 27 50
114 29 52
120 30 55
128 32 60
141 37 72
151 39 79
155 34 79
169 35 86
139 15 25
119 17 41
109 20 52
108 21 55
107 23 59
106 30 69
100 32 73
92 33 77
86 33 79
87 33 85
91 35 96
87 30 101
97 33 120
113 39 150
119 37 163
120 30 164
132 38 178
129 32 174
127 30 172
124 31 171
125 28 169
163 16 146
147 11 133
132 3 119
126 0 110
121 0 102
131 7 103
139 19 108
138 26 108
129 23 97
137 35 100
140 39 105
120 24 98
129 36 117
129 41 127
115 36 119
102 31 109
93 30 101
85 25 89
101 39 100
128 60 119
163 67 112
159 56 135
144 28 113
141 18 96
137 14 69
134 10 46
141 16 34
140 19 28
123 7 16
109 2 12
105 3 17
103 0 27
110 0 45
126 12 74
141 24 102
143 25 113
134 17 108
133 18 111
128 19 110
121 15 105
125 19 107
127 17 104
136 18 106
137 13 97
135 7 84
144 10 83
149 9 80
149 5 74
150 3 71
160 9 76
161 5 76
163 6 75
164 9 74
155 8 63
142 5 51
136 5 45
138 9 47
136 12 48
135 13 50
138 19 51
137 19 43
132 17 32
127 16 22
123 14 17
121 14 20
120 16 27
125 22 39
127 28 49
121 27 51
121 31 56
117 29 53
118 28 53
125 31 55
134 34 60
145 36 67
151 35 70
151 31 67
157 26 70
172 23 78
137 15 36
119 15 48
110 18 59
111 17 65
113 23 74
116 32 84
106 32 85
100 36 88
95 36 90
97 37 99
98 35 106
98 33 113
97 26 122
114 34 149
123 37 164
125 31 169
128 31 172
124 27 168
115 22 162
105 19 152
107 17 151
126 21 165
149 24 176
168 13 153
158 11 141
147 9 131
135 4 120
131 5 115
133 8 112
141 17 113
138 21 109
116 12 91
113 13 85
129 30 97
134 37 106
127 33 111
127 38 122
129 45 131
121 43 127
109 40 121
110 46 122
89 30 94
82 23 79
98 36 87
123 54 99
153 72 113
147 61 100
149 61 99
148 60 100
132 43 89
134 42 91
143 31 105
130 13 68
121 5 42
124 11 31
121 11 22
114 8 20
107 5 19
105 3 25
105 4 36
103 1 41
101 0 51
115 8 76
136 27 106
131 21 107
130 20 109
131 22 111
121 17 104
120 18 102
124 21 104
125 12 94
130 9 88
133 9 81
137 8 75
147 11 77
148 8 71
146 6 67
146 2 64
155 6 72
161 8 73
163 10 74
161 9 66
159 8 59
153 6 50
149 7 47
154 14 53
158 18 57
162 23 56
154 19 36
144 15 20
139 17 14
131 16 11
125 13 11
123 13 16
133 18 31
137 26 45
132 30 54
133 37 64
122 32 58
117 27 53
128 33 57
139 37 61
147 37 64
150 37 65
145 32 60
148 29 61
158 23 64
173 26 80
144 23 56
127 20 62
120 20 72
120 20 80
119 23 87
123 37 102
119 40 105
108 40 101
99 34 98
107 39 112
106 34 116
102 27 118
97 19 121
112 27 144
121 28 158
130 27 170
130 24 172
121 22 164
113 21 156
98 16 142
97 11 138
110 6 145
142 15 166
159 6 148
151 4 134
143 4 129
137 5 124
129 2 115
128 5 111
139 15 113
134 17 106
123 18 100
117 16 92
113 15 88
119 23 97
116 23 104
115 27 111
106 27 110
102 30 112
101 33 116
107 44 122
88 32 95
70 18 67
77 22 61
89 30 62
97 30 61
107 34 64
120 43 75
120 40 75
129 48 89
150 43 119
137 23 85
123 7 54
111 2 33
104 1 20
96 0 13
96 0 18
100 1 29
103 3 39
103 7 45
101 3 50
103 4 61
116 13 82
132 28 107
144 36 121
139 31 117
125 20 105
127 25 108
130 25 107
135 19 102
133 10 90
135 11 81
137 11 75
143 10 75
142 8 69
143 9 68
145 7 67
154 9 74
158 9 75
160 10 74
163 9 69
168 9 63
168 8 56
163 6 51
166 11 51
150 21 16
139 16 9
135 13 10
136 16 17
145 20 28
148 27 42
142 33 54
137 37 63
126 33 60
124 31 58
132 37 61
141 39 63
151 43 69
148 38 63
147 39 63
144 32 57
150 26 60
160 23 69
158 23 66
147 26 79
131 18 80
128 18 87
124 22 96
127 35 110
127 45 119
119 43 117
112 40 116
117 39 125
110 29 124
103 21 123
102 16 125
107 16 137
122 22 156
138 26 173
130 17 169
115 14 156
108 18 150
96 16 137
95 11 133
103 1 137
138 14 162
154 1 143
141 0 125
138 0 122
134 1 118
125 0 109
128 5 109
140 16 114
139 20 110
128 19 102
124 19 101
122 19 100
121 19 102
118 20 107
111 18 107
91 13 96
91 22 102
97 32 112
96 39 110
79 28 84
64 19 60
57 12 41
65 15 40
77 17 43
104 35 63
119 44 74
119 40 71
134 53 85
135 49 84
140 52 92
166 69 104
146 42 121
143 26 104
128 9 75
107 0 44
97 0 28
91 0 21
90 0 21
93 0 27
94 0 34
97 2 44
98 2 48
96 0 48
99 0 57
123 20 91
141 34 114
141 29 115
131 19 105
131 23 108
134 22 106
143 19 105
143 14 96
145 15 89
140 10 80
138 12 76
130 4 67
133 8 66
141 9 69
148 9 76
157 12 81
159 10 76
163 9 71
168 7 61
154 16 16
145 11 10
146 13 14
151 18 21
156 24 35
145 29 48
136 34 58
125 31 58
127 34 61
134 38 65
138 38 64
148 44 71
155 51 76
156 53 74
154 46 69
150 33 62
158 25 68
169 26 88
152 22 94
146 25 104
134 22 106
135 36 119
137 45 130
126 41 126
130 44 135
132 42 142
120 28 135
115 27 137
107 18 134
110 11 138
120 12 150
133 17 168
124 9 162
112 11 151
103 16 146
94 16 135
92 11 131
102 5 136
130 11 155
149 0 139
145 2 130
140 2 124
135 2 117
131 4 111
137 10 113
143 17 114
148 25 116
137 20 108
137 23 110
137 22 113
141 27 122
137 25 125
125 24 120
94 12 97
86 18 95
100 38 111
74 20 80
48 5 48
43 7 35
41 5 30
51 7 30
75 16 44
121 48 78
136 53 81
128 40 64
125 34 51
117 29 45
99 15 38
117 28 50
159 51 66
160 47 129
154 30 116
143 16 95
125 5 69
112 0 48
96 0 28
91 0 24
91 0 25
92 0 30
98 2 40
97 1 39
97 1 39
101 2 46
114 11 66
129 20 85
139 24 99
138 21 102
135 21 106
141 23 109
146 19 106
148 19 101
147 19 93
143 20 85
131 13 74
123 5 65
127 8 64
136 11 69
146 11 77
156 12 81
162 13 79
167 11 74
168 7 61
153 10 14
149 10 13
149 28 45
142 34 57
134 34 62
135 38 69
136 37 66
137 37 65
145 42 71
160 58 82
161 62 82
157 54 75
150 40 67
155 26 67
174 26 112
167 28 121
156 26 122
148 32 129
151 43 142
149 44 149
149 45 156
139 34 152
124 23 141
118 25 142
116 20 143
120 14 150
125 10 157
133 12 167
124 10 160
113 15 152
99 13 138
89 12 128
87 8 123
96 4 129
124 12 148
151 11 162
160 10 161
144 0 137
150 9 137
146 10 132
141 10 124
139 12 119
152 26 126
152 24 121
156 28 123
151 27 121
155 34 129
148 28 126
152 33 135
145 30 134
128 26 125
106 27 110
94 28 99
90 31 95
67 19 69
43 6 40
42 8 33
41 8 29
55 11 34
87 28 56
108 35 64
123 38 61
124 30 48
121 26 34
117 26 33
94 14 27
95 11 24
115 9 19
160 31 114
158 24 113
148 11 99
150 11 92
135 4 70
111 0 39
100 0 24
97 0 24
96 0 27
99 0 28
101 1 29
98 0 24
98 0 24
101 0 27
108 0 38
125 7 65
137 17 88
138 19 101
144 24 111
151 27 111
157 34 112
149 33 98
140 26 85
126 17 74
117 5 61
120 7 59
131 12 66
143 13 75
154 13 79
162 12 76
164 8 69
165 7 58
167 7 51
153 9 16
159 30 48
156 40 63
149 42 70
143 42 74
140 41 72
138 37 69
142 39 69
148 48 74
150 53 72
147 48 68
145 38 66
160 31 70
147 26 163
129 16 150
116 16 142
120 19 149
129 14 159
134 13 166
132 11 166
119 7 154
101 8 138
93 10 128
87 11 120
83 5 115
85 0 113
112 10 135
138 11 154
148 9 154
144 6 141
148 13 139
139 10 129
141 14 127
145 18 125
157 28 131
159 29 129
162 30 129
166 35 137
165 38 141
152 29 136
150 34 141
136 29 133
125 31 125
103 31 105
81 23 84
70 22 72
57 16 58
49 12 46
49 12 43
50 10 36
65 17 41
86 26 51
100 28 48
112 26 39
128 33 41
128 32 36
115 24 29
98 16 26
104 18 29
136 32 41
175 23 106
168 13 104
173 14 104
161 9 82
134 3 45
119 1 25
111 0 17
112 4 19
114 3 19
113 5 20
107 0 16
106 0 15
108 2 16
109 0 21
113 0 36
129 10 66
139 17 92
148 24 108
153 30 111
160 37 115
160 41 109
147 29 90
132 17 76
118 5 61
120 6 58
127 8 62
134 9 67
147 13 72
157 12 71
160 9 64
157 7 53
156 4 43
160 5 37
155 10 17
154 41 71
152 44 76
152 48 83
145 41 76
138 35 65
142 39 66
141 43 64
143 44 64
146 39 67
135 8 157
119 9 144
121 13 150
136 15 168
135 11 169
129 10 164
114 7 149
91 1 125
82 4 114
79 6 111
77 2 105
79 0 103
99 4 120
124 9 140
136 12 146
132 8 132
124 0 120
120 2 116
126 6 116
138 12 120
154 24 132
168 35 140
169 36 141
165 33 142
159 33 141
140 23 130
130 23 127
115 17 116
103 19 105
85 18 87
54 1 55
40 0 40
50 12 49
50 13 47
56 15 47
63 19 46
79 26 52
86 27 49
86 15 33
108 24 37
133 42 51
118 27 34
113 23 32
93 10 20
104 16 32
140 39 57
161 6 46
147 6 23
148 15 20
150 22 19
150 22 21
141 17 19
123 6 14
114 0 10
115 1 9
118 4 14
114 1 21
117 1 38
130 5 69
147 20 97
153 25 108
155 26 109
168 33 112
164 28 102
152 18 87
138 9 73
133 9 67
129 7 64
133 11 68
137 12 67
144 10 60
144 7 51
145 5 44
147 6 38
149 7 31
150 7 25
148 7 16
153 10 12
163 40 71
155 39 74
163 51 89
157 49 85
149 41 73
148 44 71
143 41 63
141 37 60
152 37 68
149 10 173
126 7 151
131 16 159
143 19 175
134 13 170
128 14 164
110 7 146
89 4 121
77 2 105
71 1 99
69 0 95
75 0 99
92 7 111
107 9 122
112 7 123
107 4 113
102 0 106
103 0 103
119 6 114
141 14 127
156 23 138
161 29 139
158 26 136
153 25 138
146 28 138
128 23 124
116 22 116
104 20 108
97 23 100
82 22 84
44 0 43
42 0 40
50 13 47
52 12 46
56 15 45
66 20 48
71 18 44
81 22 44
83 15 36
104 25 44
119 36 54
109 26 44
106 19 36
110 19 37
124 32 57
150 56 92
150 11 8
149 14 11
133 3 5
130 5 9
122 0 2
122 3 7
123 8 15
126 9 28
130 4 51
144 15 79
146 18 93
154 21 104
167 27 113
174 31 113
169 27 103
158 21 91
153 24 91
136 11 75
133 13 74
136 13 68
139 11 59
137 4 47
138 4 39
138 4 31
136 0 19
140 4 16
138 3 10
140 6 7
150 12 9
160 38 75
161 52 81
154 46 72
155 40 69
165 36 74
135 7 162
132 12 161
143 19 175
137 18 172
124 14 161
108 8 142
92 8 122
77 2 105
71 1 97
67 0 91
66 0 89
78 1 97
84 0 98
86 0 99
88 3 97
90 3 97
96 0 98
125 16 121
148 21 136
157 24 141
162 29 144
155 28 141
142 24 134
131 24 126
110 16 110
90 8 92
87 13 92
83 16 87
80 20 80
71 18 70
71 26 69
46 6 41
51 10 44
57 13 46
65 16 46
68 15 43
77 19 44
81 15 42
94 21 50
103 27 57
100 21 52
115 30 63
150 54 89
157 3 31
150 3 22
151 5 16
149 4 9
150 8 6
138 6 4
130 2 1
137 13 11
143 20 25
129 6 27
135 8 51
146 16 80
157 22 101
163 25 110
163 23 109
167 21 104
164 21 101
152 19 98
142 16 90
139 14 82
140 14 75
145 14 68
140 7 54
137 3 40
137 3 30
135 0 13
139 4 11
131 2 7
130 1 5
142 13 8
168 38 76
142 7 171
135 10 164
139 18 173
133 17 166
117 10 152
103 6 137
91 4 121
77 0 106
74 2 102
70 1 94
67 0 89
71 3 90
71 1 87
70 1 84
68 0 79
77 2 85
97 6 99
129 21 123
161 34 147
149 29 137
108 7 103
101 13 100
89 10 91
85 13 87
79 9 81
77 12 78
80 18 81
84 26 84
68 18 67
58 11 53
57 12 51
58 12 49
63 13 48
71 17 51
82 22 56
85 21 56
95 24 66
101 28 73
104 28 74
125 41 90
161 1 29
148 9 6
138 4 1
142 13 7
135 10 6
133 8 16
133 4 32
142 7 63
149 13 87
149 13 95
151 13 99
157 13 100
162 20 106
149 15 102
148 19 101
148 20 94
147 17 79
148 16 66
146 9 51
147 6 40
148 4 27
148 4 14
148 9 12
138 8 10
134 6 5
135 6 0
148 8 177
140 12 171
130 9 162
118 6 150
103 0 135
98 4 128
92 5 120
79 0 107
76 1 102
71 0 96
69 0 91
67 2 86
62 1 79
58 0 74
57 0 69
66 0 74
89 5 93
118 16 115
146 29 134
161 39 146
153 36 141
137 33 130
111 26 109
83 10 83
83 13 83
80 13 82
79 14 80
74 12 75
79 17 78
84 25 83
73 19 71
70 18 66
68 16 62
70 19 62
72 21 62
73 18 57
82 24 62
81 20 61
93 27 75
99 29 81
103 30 83
113 32 88
148 54 114
152 7 4
145 6 3
135 3 0
132 5 0
134 3 8
139 3 25
149 9 56
150 9 77
146 10 92
140 6 95
148 9 100
150 11 102
143 10 99
147 15 99
150 18 93
146 12 73
141 6 46
148 5 33
162 6 30
154 6 6
148 10 8
139 4 0
143 7 0
165 40 70
150 10 181
141 13 172
125 9 158
107 0 138
93 0 122
88 0 115
84 0 111
78 0 104
75 1 100
71 0 96
73 4 97
70 4 91
62 4 80
54 1 71
52 0 66
62 2 72
81 3 86
99 10 100
116 19 112
119 23 113
114 25 109
107 26 103
85 16 83
71 9 70
75 10 74
85 20 84
86 24 87
72 12 72
75 20 75
74 20 72
81 24 77
83 26 79
84 25 79
84 26 77
76 20 67
73 18 60
73 18 58
75 18 59
83 21 70
90 26 76
91 25 73
94 22 72
124 36 94
159 69 97
153 64 94
144 11 6
146 17 11
147 15 11
146 11 18
152 15 43
152 16 64
146 13 79
143 10 89
149 10 99
149 10 103
145 10 102
150 16 103
153 16 94
142 4 63
140 2 35
151 6 21
158 31 58
165 35 63
146 8 181
137 8 170
124 5 157
109 0 141
98 0 125
92 0 118
87 1 112
81 0 105
73 0 98
72 0 99
72 2 98
70 6 93
62 6 81
56 3 73
60 7 75
70 8 81
91 13 96
99 14 99
97 12 95
87 6 83
79 6 75
73 7 69
65 8 63
64 9 64
70 11 69
77 16 75
74 15 73
63 9 61
60 11 58
57 10 54
62 13 60
75 21 71
86 29 82
82 25 76
73 20 64
67 16 57
62 14 52
66 18 56
76 20 65
82 25 70
82 23 67
88 22 68
109 31 83
149 57 104
142 48 75
106 22 55
126 42 75
147 12 6
148 20 7
136 12 10
135 13 28
132 6 43
143 9 68
156 12 97
157 12 107
151 12 105
153 14 103
157 16 95
151 7 66
143 3 29
153 6 12
159 26 47
147 13 186
143 13 181
135 11 171
122 3 155
111 0 142
110 4 138
96 2 122
80 0 107
79 0 107
81 6 107
76 6 102
68 4 91
60 6 82
59 6 78
72 9 87
87 14 95
110 22 109
112 20 105
99 15 92
86 11 78
72 7 65
65 6 60
63 9 59
67 15 64
78 21 74
79 20 74
71 17 67
61 12 57
50 10 47
46 9 43
42 5 39
51 11 48
57 15 55
62 17 56
56 14 50
53 12 46
51 12 43
50 11 42
60 14 51
68 17 56
73 21 59
78 20 60
94 25 70
127 44 88
111 23 61
102 26 62
106 35 67
139 7 0
138 12 0
141 29 9
143 30 22
135 13 28
136 3 46
158 11 89
160 9 104
155 10 103
154 11 99
159 12 93
153 8 67
145 3 27
160 19 35
143 11 183
138 9 174
131 5 166
120 1 151
119 11 149
101 5 130
84 0 112
84 2 112
83 6 110
81 9 108
73 8 98
71 12 94
69 7 88
89 17 103
106 21 112
121 25 115
119 23 110
103 19 94
92 17 82
82 17 73
70 14 63
62 10 56
63 14 59
70 18 66
71 19 67
63 15 57
52 10 48
42 7 39
39 9 37
38 8 36
39 9 37
40 7 38
45 10 42
43 8 38
43 10 39
42 9 36
43 8 36
50 11 42
63 19 52
69 24 55
61 10 43
81 21 59
106 31 72
161 66 108
115 29 74
119 47 85
85 22 53
135 19 0
132 16 0
143 31 7
138 34 5
140 35 14
137 18 20
141 10 41
159 12 82
165 10 101
158 7 100
156 6 96
159 7 90
152 4 64
142 0 24
153 14 11
146 9 183
135 6 169
118 2 151
106 0 136
100 4 130
89 0 118
82 3 110
80 5 106
84 9 110
85 14 110
80 11 102
82 9 99
104 18 115
122 26 124
128 24 119
123 20 109
105 17 93
93 16 82
84 16 73
70 12 60
58 10 50
53 9 45
55 10 49
54 10 46
51 9 45
45 8 41
38 5 34
38 8 34
38 8 36
38 8 36
37 9 34
36 8 33
33 5 28
35 7 30
43 10 37
46 11 39
48 12 40
54 15 44
50 14 39
42 0 26
73 20 50
80 13 48
146 59 101
158 72 121
152 77 118
142 82 110
141 22 0
144 33 6
136 36 2
135 36 5
139 29 12
139 15 25
157 15 61
160 11 79
160 10 84
160 8 85
162 10 83
152 3 58
142 1 20
152 13 10
150 7 187
148 10 184
135 6 169
114 0 147
102 1 133
99 5 129
88 1 116
80 1 108
81 6 107
82 10 109
86 15 111
90 19 113
92 15 111
103 15 115
123 25 126
130 24 120
129 26 115
106 15 92
95 14 81
88 17 75
72 13 59
54 8 45
48 9 40
50 10 44
48 8 42
45 8 39
42 7 35
38 8 34
38 10 35
37 9 34
37 9 34
35 10 32
32 7 29
30 7 27
33 8 30
40 10 34
49 14 42
49 14 42
45 11 36
41 9 30
44 6 29
73 24 53
94 30 65
157 74 116
157 74 120
146 75 107
142 38 1
148 21 30
146 7 38
147 6 49
155 8 60
160 12 64
149 3 40
142 2 13
150 11 4
145 2 180
142 6 178
130 4 165
113 1 145
102 3 132
92 3 121
84 0 112
84 5 112
83 8 109
79 9 105
79 12 105
85 16 107
87 14 106
99 15 111
122 28 125
124 23 117
123 23 111
112 19 97
98 15 83
98 25 81
79 17 64
50 5 38
46 7 36
53 14 45
50 11 42
44 9 39
40 7 34
36 8 31
33 8 30
30 6 28
31 7 29
31 8 28
29 6 26
31 6 28
33 8 30
40 10 34
47 15 39
44 12 36
42 10 33
37 8 28
47 11 36
72 22 55
110 45 85
154 75 120
143 69 102
147 31 16
139 13 17
142 9 28
146 7 36
150 7 37
152 8 33
144 3 9
150 9 0
144 23 4
148 25 9
149 11 8
156 6 15
139 0 172
133 0 167
124 3 156
106 0 136
96 2 124
82 0 110
78 0 106
80 1 108
87 10 112
82 12 108
72 7 97
76 12 99
80 10 98
91 10 103
107 18 112
113 16 109
112 17 101
112 21 98
105 23 89
102 27 84
72 9 56
54 7 41
45 6 35
46 7 36
51 12 41
45 10 38
37 7 31
32 7 28
28 5 25
25 3 23
27 5 25
31 8 28
30 5 26
32 7 29
37 9 32
35 5 29
36 7 29
39 11 33
34 6 28
34 6 28
47 13 38
62 15 51
97 36 80
151 75 124
153 73 122
138 73 95
137 45 0
141 48 7
140 36 11
129 15 4
133 10 12
141 9 20
145 9 21
148 8 17
150 7 9
144 25 5
138 22 5
143 27 12
143 20 12
137 8 3
149 11 9
131 0 163
125 0 156
122 7 152
102 1 129
86 0 111
77 0 101
74 0 99
77 0 103
85 8 110
79 9 105
73 8 98
73 11 94
78 13 95
92 16 104
100 15 106
107 17 104
105 16 96
104 18 91
104 23 90
105 30 89
79 12 63
63 11 49
48 5 35
45 6 33
46 10 35
48 14 39
39 9 33
29 6 24
24 3 20
21 3 19
27 6 23
30 7 27
31 6 27
36 8 31
42 12 36
40 10 34
33 5 27
28 3 22
30 5 24
31 6 27
48 15 44
65 20 61
102 42 93
154 76 126
152 80 117
140 45 0
