180 50 114
184 42 114
180 47 112
178 44 107
186 44 116
181 52 117
184 47 115
198 68 94
207 60 104
213 76 96
200 56 89
203 54 109
209 68 103
186 44 118
204 55 113
205 62 105
221 126 80
179 51 110
184 49 115
198 57 99
200 57 103
218 123 69
237 36 116
235 32 111
184 56 113
182 50 110
204 60 109
223 129 67
234 134 74
226 11 128
232 16 123
237 21 122
183 49 112
229 135 63
231 134 66
224 14 123
232 23 115
237 27 118
214 71 98
197 68 90
185 58 85
187 60 101
179 50 106
201 61 108
199 62 108
194 62 109
224 19 124
229 25 120
234 27 115
239 31 117
218 69 91
186 50 64
175 46 64
180 52 85
191 63 111
181 53 110
179 51 108
180 56 108
184 61 105
198 66 105
198 58 103
194 58 104
165 97 88
222 127 81
200 101 70
201 98 79
222 20 122
229 26 116
237 31 114
231 67 104
213 61 82
174 39 46
168 41 52
167 40 69
180 55 97
182 57 112
180 55 111
180 58 107
182 63 101
184 65 97
201 71 107
199 62 106
196 60 108
177 104 89
215 123 48
230 137 67
228 135 74
205 112 69
184 89 61
180 80 64
182 79 80
211 13 126
217 17 116
228 25 115
235 29 111
239 34 111
218 33 111
221 45 109
222 60 99
199 53 72
168 39 43
164 43 48
176 54 105
178 62 97
189 72 101
178 100 96
176 99 79
183 108 77
184 109 67
213 133 80
233 142 61
237 145 68
223 129 78
183 89 53
185 90 68
180 80 82
197 16 129
200 16 128
200 11 129
208 14 128
216 20 118
225 25 114
228 25 107
232 27 106
203 43 117
181 44 114
201 35 117
196 24 108
200 22 106
201 23 101
207 34 98
213 52 94
191 48 68
171 45 48
158 42 43
169 59 86
183 69 92
188 70 96
167 87 86
169 87 75
190 108 84
201 121 84
243 152 69
237 146 65
238 146 71
219 127 78
208 115 82
195 98 92
195 12 130
227 29 116
229 27 109
230 29 107
238 35 114
189 23 97
195 31 94
203 46 91
184 37 63
160 35 39
168 66 80
173 67 79
181 70 89
177 79 104
175 79 90
175 84 81
181 92 78
194 103 82
228 145 67
231 142 60
243 153 67
238 147 64
219 128 81
185 90 72
225 31 117
223 28 107
229 34 112
184 40 109
189 25 120
185 27 112
183 25 86
192 36 83
177 30 58
160 73 79
163 71 76
174 72 86
186 77 100
187 77 86
192 84 82
197 93 80
198 98 74
208 109 78
209 126 58
229 146 70
236 149 69
240 150 62
188 94 69
174 68 90
217 30 109
224 36 113
228 37 115
197 45 118
194 24 121
192 23 114
180 25 69
174 30 55
162 38 38
165 75 85
192 68 96
195 70 86
196 73 78
204 82 77
210 90 73
215 100 71
225 116 77
232 127 79
232 131 75
226 142 69
223 135 61
234 146 70
223 134 78
192 98 73
218 37 116
220 39 118
177 21 68
166 22 49
157 33 33
166 84 94
190 62 111
189 55 106
193 62 102
196 64 101
193 60 89
191 53 76
199 61 76
200 64 68
204 70 61
215 83 62
221 94 61
230 109 66
233 117 66
237 127 68
232 128 63
231 140 67
219 133 58
215 131 59
216 132 62
227 143 73
223 140 62
232 146 69
210 124 71
178 88 64
210 32 118
175 18 69
162 82 93
175 80 102
184 75 106
184 61 105
183 50 105
188 48 111
190 46 115
195 51 110
189 46 92
190 49 84
194 51 81
195 48 74
195 47 69
201 50 65
205 56 58
209 62 54
216 74 52
222 83 50
229 96 55
235 108 57
240 119 62
222 110 46
228 130 57
218 126 51
204 116 44
219 134 69
210 128 70
171 90 35
187 110 54
188 112 54
204 126 64
214 135 78
205 124 81
173 86 69
207 28 110
199 27 111
170 54 91
179 48 98
185 46 103
184 42 102
188 44 105
191 47 106
189 45 98
188 42 81
189 40 72
191 41 68
193 39 63
197 41 62
201 45 58
204 50 50
204 52 39
212 64 38
217 73 38
225 84 39
232 98 45
238 112 53
228 110 44
235 129 55
235 137 62
234 140 70
222 132 69
190 107 55
163 85 39
147 75 34
144 75 34
150 81 39
165 95 57
162 88 63
228 35 118
215 27 114
201 35 119
175 48 93
186 48 100
181 40 92
183 40 93
183 41 91
183 40 84
185 39 75
189 40 69
192 38 62
190 34 55
193 36 55
195 39 50
198 44 42
202 51 34
212 61 32
218 71 28
223 82 29
228 92 32
233 106 39
225 104 33
238 127 48
240 134 58
235 134 64
213 119 58
192 106 55
177 100 58
224 33 113
229 30 113
233 31 115
231 29 115
180 49 93
175 38 82
179 40 82
174 37 79
175 36 75
180 36 69
185 38 66
188 36 59
192 35 56
192 33 51
191 34 43
185 30 25
199 48 27
212 62 27
220 74 27
227 84 26
230 92 27
234 101 32
225 99 25
240 118 43
236 122 51
228 119 54
205 104 48
191 99 52
149 69 32
223 32 109
229 38 115
229 38 116
226 33 112
173 52 85
174 44 80
174 40 77
170 36 71
175 37 70
177 34 62
183 35 59
194 38 59
197 36 52
196 35 41
182 28 18
197 47 22
207 61 20
222 78 25
229 89 27
227 88 19
231 93 21
242 105 35
240 108 43
220 94 33
233 112 55
221 109 59
192 90 52
184 32 115
200 45 113
201 44 111
231 37 110
226 36 110
226 38 112
216 28 104
221 33 110
224 37 118
171 36 68
171 31 58
180 34 57
188 35 55
193 32 47
196 36 38
196 43 29
200 52 22
199 57 11
216 75 19
225 83 19
232 89 21
241 93 29
237 88 29
227 82 29
221 81 32
227 95 47
220 97 56
205 92 62
165 69 47
184 39 108
203 50 114
178 48 108
217 33 103
224 28 102
238 37 113
238 38 111
226 29 101
218 24 95
207 20 91
205 19 94
218 27 107
220 32 116
172 41 75
174 37 67
174 34 60
181 35 58
183 32 49
188 31 38
191 36 31
188 39 17
200 58 22
205 63 15
217 74 18
220 74 14
229 79 20
225 67 19
223 62 18
225 66 26
227 73 35
223 76 43
218 80 52
201 77 53
179 72 54
197 55 113
196 53 109
196 57 112
221 29 102
225 24 100
231 29 105
233 32 108
221 25 99
214 24 98
212 24 101
216 24 107
213 23 109
210 21 111
169 48 83
178 48 82
176 41 71
177 39 64
181 38 58
182 34 48
185 32 34
186 34 21
193 48 17
204 63 18
210 69 16
211 66 11
220 71 13
223 69 17
205 46 7
209 45 17
218 54 27
213 54 32
197 50 34
197 61 47
199 76 60
173 67 54
189 51 103
189 51 102
221 30 108
228 26 108
234 35 115
220 22 105
213 19 105
199 10 100
199 11 105
206 16 112
212 24 119
190 36 120
167 44 75
171 41 67
177 41 63
179 40 59
177 33 43
182 33 29
187 38 18
199 56 14
210 69 16
213 68 13
223 74 18
221 70 15
217 65 16
194 41 9
183 28 8
186 28 17
182 30 25
164 29 33
164 44 46
160 48 44
189 54 113
196 58 109
194 57 103
222 33 115
225 33 116
219 29 115
210 23 112
196 15 108
194 14 111
201 15 114
204 20 116
204 27 117
199 34 113
189 39 110
181 42 107
170 38 62
179 40 61
180 34 44
190 37 31
204 48 25
224 68 27
220 66 14
203 48 0
225 70 16
218 61 10
211 55 14
192 42 17
168 22 9
174 30 29
160 25 32
188 53 112
201 28 117
190 19 111
187 24 103
187 34 98
173 33 80
181 47 118
185 41 68
186 30 43
205 38 30
222 48 24
236 56 21
240 61 18
237 66 14
231 61 10
219 50 7
214 49 17
186 35 14
166 28 18
196 57 112
185 53 113
190 32 119
176 51 107
179 42 84
192 38 72
198 31 49
218 36 35
226 34 19
233 35 9
239 45 10
244 61 17
235 58 14
226 49 16
212 43 20
180 28 14
158 25 20
179 50 114
204 49 106
204 37 80
207 27 56
222 25 35
230 22 20
235 22 14
241 36 17
242 55 22
230 51 19
214 35 15
196 25 15
174 23 14
158 28 26
212 35 89
219 28 69
227 23 50
234 19 34
235 19 24
240 28 24
226 33 16
215 32 14
207 24 16
194 22 18
175 26 22
184 29 94
210 46 115
217 43 115
218 33 98
222 29 82
227 26 68
228 21 51
233 16 35
230 16 26
229 27 27
217 23 21
208 18 17
196 22 21
173 24 26
249 104 83
198 38 102
196 28 101
205 29 104
224 36 110
227 32 98
225 26 83
219 13 59
234 19 53
234 18 42
224 17 33
224 23 33
224 28 32
207 28 32
170 22 34
250 103 83
250 101 77
245 100 79
191 32 99
203 31 107
231 32 99
231 26 83
234 22 70
235 21 59
222 12 41
228 21 41
229 25 36
206 22 34
165 17 41
245 98 80
242 101 84
173 17 56
174 21 51
162 14 26
156 16 17
186 31 96
237 34 100
238 30 88
237 29 79
232 25 69
230 24 60
227 23 48
212 24 48
182 24 59
189 72 98
215 83 97
173 7 57
175 8 54
180 14 54
184 16 49
180 17 38
165 11 21
156 11 14
158 21 28
181 26 91
241 41 111
238 39 104
231 33 94
225 28 81
225 26 69
213 21 62
205 25 70
183 21 71
200 75 83
251 109 85
253 112 84
251 110 80
251 110 82
174 8 56
179 9 54
182 12 49
184 14 40
179 14 30
168 13 19
156 7 9
157 17 20
164 21 25
171 24 32
165 25 36
191 31 93
234 42 115
227 34 101
227 29 88
224 30 83
216 27 83
202 23 88
187 25 101
185 66 72
249 107 83
251 107 81
252 109 79
254 112 76
253 113 77
251 110 82
188 45 109
173 9 46
175 10 40
169 6 23
169 9 19
168 13 17
156 7 11
158 14 23
164 19 26
172 22 31
176 26 37
173 28 43
205 37 96
234 40 110
241 35 107
242 32 107
243 37 112
233 37 103
231 35 99
223 31 104
215 28 109
203 24 116
193 79 87
254 111 77
253 111 71
253 113 77
249 109 86
226 48 110
215 37 87
200 28 78
210 52 113
191 39 112
163 7 29
159 5 17
161 10 15
162 12 13
159 10 12
162 15 25
169 18 27
178 22 33
184 30 42
182 34 50
173 36 56
165 41 65
172 40 79
211 36 91
235 35 98
239 29 90
243 31 92
245 34 101
246 39 111
241 41 114
236 35 113
229 32 120
254 114 81
254 112 76
253 112 69
253 111 75
224 35 91
223 22 58
224 21 51
216 28 63
215 35 83
212 32 105
197 19 103
189 11 97
181 11 82
155 11 10
158 13 10
156 10 10
166 16 18
183 23 31
191 29 40
193 32 47
190 35 53
183 37 60
174 40 67
190 48 88
224 42 93
239 34 90
242 32 81
245 33 81
246 32 84
244 30 90
245 36 104
242 37 112
237 36 114
242 34 118
251 111 78
251 108 74
255 112 75
254 111 69
252 108 73
235 48 101
230 19 54
234 14 40
238 30 52
227 27 56
217 21 71
218 24 87
205 13 88
193 8 75
179 8 50
167 10 31
172 25 33
164 24 23
155 16 9
159 16 10
166 16 15
180 21 25
184 20 27
185 21 32
185 27 42
186 34 57
180 37 67
170 39 73
171 52 90
180 66 102
168 57 89
204 53 98
227 41 91
237 34 81
240 34 72
245 36 68
247 33 67
245 31 69
239 29 74
237 30 84
237 31 95
239 31 106
244 32 117
250 108 72
252 108 71
255 109 68
254 109 65
252 105 69
253 109 85
245 106 87
232 24 73
237 15 54
237 19 43
244 31 49
234 27 45
227 24 54
223 20 75
200 2 63
187 4 50
167 0 34
156 18 15
155 22 15
158 21 11
157 14 6
168 14 12
176 16 18
182 19 24
182 20 31
184 28 50
183 36 65
175 40 73
175 49 87
187 65 102
183 65 99
177 59 93
171 53 87
175 49 87
187 45 91
217 56 106
230 48 97
239 44 86
239 41 66
242 40 54
245 38 48
241 31 40
244 34 45
242 33 54
242 32 69
240 29 84
246 31 109
252 119 78
248 111 69
247 106 63
251 108 64
254 109 65
254 109 64
254 107 63
253 105 65
255 106 74
255 107 77
253 106 73
250 103 69
250 103 69
248 103 74
244 102 82
240 37 92
241 18 65
242 17 51
238 17 35
251 37 39
242 32 41
228 18 53
222 19 66
205 12 57
185 4 45
166 0 34
161 3 18
158 3 9
165 11 9
168 21 14
153 21 9
160 24 10
164 22 8
171 23 13
175 20 15
178 20 17
181 22 27
182 27 45
183 34 63
178 40 73
173 43 79
175 46 84
184 55 93
188 62 100
188 61 102
191 60 104
209 54 109
228 57 110
233 50 94
238 47 78
240 46 57
245 50 46
249 51 40
252 50 36
251 48 34
253 45 43
251 40 57
246 34 75
249 31 105
251 120 74
252 120 72
253 117 67
251 114 62
250 110 59
253 111 61
252 110 60
253 109 59
254 110 60
252 105 61
252 104 64
254 105 65
254 105 63
253 104 62
252 104 66
251 103 73
242 43 100
242 19 74
245 14 68
239 11 48
241 21 30
253 41 38
232 25 33
216 13 33
211 10 46
207 11 51
193 6 37
177 0 19
180 2 14
177 6 12
171 9 7
168 15 10
166 8 23
158 3 9
166 26 9
174 33 13
176 31 10
175 28 10
172 24 10
174 23 14
173 21 20
177 25 37
180 34 55
165 35 61
173 45 78
173 43 79
185 52 95
240 50 86
240 48 63
243 52 44
253 64 42
255 69 38
253 63 31
248 50 24
251 48 34
250 41 46
247 32 65
249 32 103
252 124 75
252 122 72
251 120 66
252 118 63
252 119 62
253 118 60
252 117 59
252 117 59
255 120 62
255 116 59
252 111 55
252 111 57
254 110 58
255 111 61
254 108 61
253 107 60
252 104 64
251 106 75
237 35 93
241 18 75
243 11 69
244 13 55
238 13 27
240 22 21
242 30 27
225 18 24
208 1 27
210 7 37
213 14 35
208 12 26
209 18 25
201 18 20
177 8 5
173 14 10
162 10 5
162 19 15
169 7 18
181 15 19
178 16 13
165 11 3
164 17 7
167 25 13
170 27 11
176 31 12
179 35 11
180 36 10
176 34 10
172 30 10
171 29 15
168 23 16
168 19 23
174 29 42
163 31 52
179 41 75
191 45 90
207 52 107
242 56 106
239 47 72
243 50 51
249 60 41
254 67 34
254 71 31
255 69 28
251 58 25
255 54 34
252 42 41
247 33 61
248 31 100
250 121 64
253 123 65
252 119 58
255 121 60
253 119 56
253 119 55
253 121 56
254 122 57
254 120 56
254 116 53
253 113 52
253 113 54
253 112 58
255 111 61
252 107 60
253 108 63
247 107 71
240 33 89
234 12 63
233 6 49
236 5 39
241 9 33
238 10 23
231 13 12
235 25 24
213 7 19
217 12 27
222 12 21
216 10 14
217 19 16
209 22 15
186 11 5
176 11 5
172 18 10
169 24 17
156 25 17
160 28 15
179 17 12
195 27 16
190 24 10
190 29 11
187 32 10
185 33 12
179 28 9
177 28 8
176 32 8
176 36 11
173 35 9
169 33 11
167 32 13
163 25 14
167 22 19
169 24 31
164 27 43
167 27 53
188 39 71
204 41 86
214 43 96
238 49 89
238 46 57
246 53 44
250 60 36
250 63 28
253 67 28
255 68 30
246 53 20
255 56 36
251 43 43
246 33 63
246 31 99
244 130 78
252 123 65
254 125 60
255 123 58
254 122 57
252 121 53
253 122 52
254 123 53
253 122 50
255 121 50
255 118 50
254 115 50
255 113 55
255 111 59
254 109 64
253 107 68
252 108 71
231 29 102
246 30 95
241 16 72
237 8 51
237 5 42
238 3 36
236 7 28
232 11 16
240 28 24
230 26 25
213 7 9
226 12 10
223 11 7
215 12 5
207 14 5
212 30 19
188 18 5
170 12 0
161 17 4
155 30 8
152 32 8
155 9 9
178 22 9
195 33 12
187 22 0
196 31 9
196 36 10
187 31 6
179 24 2
177 26 5
171 29 5
168 30 4
166 32 7
162 30 7
159 28 8
157 24 9
163 18 11
172 26 26
163 24 31
172 23 43
190 29 60
214 37 81
229 40 94
239 47 104
247 54 109
247 54 99
242 49 76
243 50 51
247 56 37
253 64 34
250 64 26
253 67 28
254 66 29
248 53 23
250 49 31
250 42 40
246 34 59
245 32 96
248 127 74
253 123 63
253 124 59
254 122 57
253 122 54
253 122 52
254 123 53
253 122 50
253 121 49
255 121 50
253 115 50
254 114 53
251 110 56
249 107 59
250 106 69
250 109 79
242 113 84
220 12 98
234 14 102
245 18 100
251 19 92
242 9 66
240 7 52
240 5 46
235 6 35
226 10 21
230 22 20
234 32 22
223 19 8
230 18 7
224 13 4
212 9 2
209 12 3
220 29 11
215 39 16
173 17 0
166 26 3
152 28 4
172 26 10
184 32 9
195 35 11
194 32 9
190 32 7
185 29 6
183 31 8
175 26 4
170 28 4
163 27 3
159 27 4
158 27 6
157 31 9
157 26 8
163 21 9
171 26 19
161 22 19
164 19 26
177 20 37
199 26 54
224 33 77
239 37 87
245 39 88
247 42 83
246 43 73
245 47 60
245 51 42
251 59 34
255 73 35
254 71 29
253 67 28
252 62 28
249 49 24
249 43 29
250 41 36
245 36 55
246 37 92
250 121 66
254 121 64
252 119 60
253 119 56
253 120 53
254 121 52
253 118 50
254 119 51
253 120 51
253 118 52
254 115 58
252 112 61
249 108 62
250 108 70
251 108 76
225 37 113
236 33 112
240 27 109
237 19 105
241 18 107
238 10 105
240 9 105
245 10 103
250 14 98
244 9 78
242 9 66
242 10 60
235 6 45
223 5 22
233 20 22
234 26 16
233 26 10
237 25 13
233 22 11
215 13 3
210 12 0
213 21 0
222 41 14
209 48 19
189 44 13
175 45 13
148 27 0
164 23 6
170 21 0
183 27 4
185 25 1
181 25 2
181 27 3
187 32 10
183 33 9
176 32 8
170 31 8
164 32 9
161 32 11
162 37 15
157 27 9
163 23 8
170 28 16
162 23 16
163 17 20
179 14 31
201 20 51
221 21 67
239 27 77
246 30 77
246 32 68
245 33 55
244 37 43
252 52 37
254 60 32
254 66 29
254 68 27
255 68 30
250 57 24
249 47 23
251 43 30
253 44 37
245 37 50
243 36 80
249 129 76
252 127 71
253 123 65
254 121 60
251 118 57
252 118 54
253 120 51
251 119 47
251 116 50
252 117 51
252 118 54
248 115 56
247 116 72
245 115 81
244 115 84
235 16 106
240 11 104
243 9 106
245 9 107
246 7 108
245 6 107
243 7 105
242 7 99
242 9 90
242 10 83
242 9 75
240 9 61
236 9 36
241 17 25
237 20 13
232 19 5
231 19 8
229 21 9
219 19 3
219 24 4
220 30 4
211 30 0
217 47 12
204 44 8
195 45 12
181 38 8
158 24 0
147 26 0
143 47 5
154 57 15
150 41 18
164 21 5
172 23 1
176 21 0
180 24 1
180 25 3
184 29 7
188 32 9
190 36 12
186 38 12
174 33 6
168 34 9
162 33 11
152 27 7
153 26 9
161 24 8
169 29 16
159 22 16
157 10 16
178 10 33
204 18 55
223 20 65
237 24 72
244 23 74
247 25 66
247 28 50
248 33 38
251 48 31
253 58 28
249 54 22
253 59 24
253 60 25
253 58 26
252 52 26
251 46 27
249 42 32
246 39 47
242 37 68
245 42 106
250 132 68
254 132 65
253 128 61
253 126 57
252 123 55
252 121 51
253 122 50
253 120 51
252 117 53
250 114 54
251 116 58
242 116 68
239 18 111
244 10 109
246 7 108
247 5 107
246 3 107
247 6 109
246 7 108
244 8 106
246 12 101
244 12 95
242 10 86
242 9 72
243 8 48
237 6 24
240 14 15
240 17 10
231 9 6
222 9 3
227 25 13
230 34 18
223 34 12
221 37 9
216 37 5
215 42 8
200 35 7
178 22 0
161 19 0
164 36 7
152 44 5
146 50 2
152 60 9
154 57 15
165 22 5
175 29 6
179 30 6
182 30 6
182 28 4
190 34 12
189 30 11
189 32 15
187 36 15
179 37 15
172 40 17
156 31 9
160 28 15
159 22 12
184 10 37
218 23 63
231 24 70
238 20 68
242 19 66
246 20 58
247 24 43
250 35 33
248 43 22
255 59 28
249 48 20
251 50 22
251 52 21
251 52 23
255 54 28
251 49 29
244 40 31
238 37 43
231 37 64
230 38 95
250 138 74
250 132 66
252 136 63
253 136 59
254 134 58
253 131 56
255 129 55
253 125 52
254 123 51
255 122 55
252 116 58
250 116 65
245 117 68
228 35 114
243 28 119
240 15 109
244 10 109
246 6 107
245 4 107
243 4 106
244 5 107
244 5 106
244 9 102
246 12 101
244 11 94
245 9 83
247 8 63
244 6 42
240 5 20
242 9 15
239 5 14
234 9 17
225 14 20
222 23 20
219 27 14
217 30 11
213 29 5
211 31 8
193 20 3
171 10 0
163 19 0
170 43 11
162 51 8
147 47 0
157 16 7
168 28 5
176 37 8
178 37 7
182 34 4
189 31 6
197 34 17
188 27 17
180 23 16
177 24 18
173 31 19
160 33 16
165 11 21
201 18 48
224 21 64
234 18 65
240 17 64
243 17 57
248 24 51
248 28 38
255 44 38
255 57 33
251 50 22
251 47 23
250 43 23
251 47 23
248 46 22
255 53 31
250 49 33
241 42 37
227 35 46
208 33 62
207 35 91
252 141 69
250 137 61
255 140 60
254 138 55
254 138 55
253 133 54
253 130 52
254 128 52
253 125 52
253 121 57
253 117 69
246 117 78
218 30 106
230 13 102
230 17 107
234 21 111
240 27 117
240 25 116
249 18 114
244 8 106
241 5 105
241 5 105
245 6 107
245 7 105
244 9 104
241 6 98
240 8 94
246 11 90
247 8 75
245 5 54
243 5 31
239 3 17
240 2 17
236 4 18
221 1 13
207 0 3
203 2 0
207 11 0
208 15 0
205 18 3
198 17 8
174 8 0
159 12 0
170 41 9
172 55 9
155 50 0
