173 157 182
251 162 207
249 161 203
251 162 204
249 165 202
250 165 204
190 165 195
245 162 205
246 159 205
252 156 205
249 151 200
247 150 199
249 156 200
250 159 202
251 159 203
251 159 203
252 164 204
193 169 196
227 169 206
244 149 197
247 147 198
252 150 202
250 148 200
254 152 204
255 157 206
252 154 201
255 156 203
254 155 202
253 155 202
246 158 200
237 168 199
221 148 194
255 160 211
240 135 191
246 139 195
255 148 204
243 139 192
255 154 207
255 153 203
252 148 199
255 151 205
250 141 198
248 139 194
234 141 186
230 155 198
222 135 188
249 163 208
246 165 205
239 147 196
255 151 208
241 129 188
243 131 190
255 144 202
255 148 202
253 146 200
255 148 202
250 141 196
250 136 196
244 130 190
246 137 192
239 154 196
226 149 191
239 151 199
249 159 210
254 156 207
254 158 206
254 160 210
247 144 200
251 137 199
246 130 195
251 135 196
255 144 203
255 149 204
255 150 205
255 141 200
247 131 192
247 127 191
243 129 189
244 150 198
199 174 204
233 147 192
252 160 209
253 156 207
240 135 191
243 136 192
255 157 209
252 152 204
253 145 203
246 133 195
248 129 195
251 130 197
250 130 194
252 134 195
247 133 192
252 138 197
251 135 196
250 132 193
246 126 190
242 135 191
149 228 100
220 145 186
239 151 199
254 157 208
240 127 189
239 123 188
255 148 210
253 140 202
252 136 201
249 130 196
249 128 195
252 129 196
248 121 190
251 126 194
249 131 192
252 136 197
255 139 200
252 134 195
245 129 190
239 145 195
148 224 89
155 232 100
239 151 202
242 145 199
255 156 211
253 153 207
252 138 200
248 127 196
245 124 193
248 124 194
253 129 199
245 122 189
250 127 194
253 127 198
246 116 188
250 123 192
247 131 192
255 144 203
251 135 196
244 130 190
235 130 186
185 182 147
162 195 102
171 210 117
245 150 208
248 139 206
240 129 195
255 152 215
255 157 216
255 149 209
255 147 209
254 133 202
247 116 194
214 83 161
247 123 193
252 131 198
250 125 193
247 120 191
245 113 188
247 121 192
248 139 196
253 138 197
237 128 185
240 153 198
165 135 127
147 144 93
180 179 131
247 152 210
247 131 202
243 118 196
242 117 195
255 134 208
255 137 208
234 117 185
248 129 197
255 130 203
251 115 197
255 121 203
255 137 208
255 132 199
255 128 199
254 124 196
252 120 195
245 122 189
249 145 198
254 142 200
239 136 189
186 162 196
184 158 193
188 171 205
165 114 131
158 124 115
204 157 163
199 95 182
190 89 165
238 151 206
241 145 206
255 152 218
254 138 209
240 108 191
240 100 189
223 82 174
255 122 208
255 129 208
254 123 199
245 114 192
248 112 194
250 111 194
255 116 197
255 123 198
253 123 195
254 124 198
250 120 192
245 118 187
246 126 190
250 146 199
255 159 209
251 144 198
241 147 195
162 146 183
183 120 149
188 134 150
234 160 197
212 91 186
206 63 179
195 58 161
208 105 176
242 144 205
246 128 206
255 128 214
251 117 204
238 99 190
255 109 205
253 101 201
250 93 196
248 93 195
249 100 194
253 106 195
255 111 200
255 108 197
255 109 198
246 99 187
247 105 187
254 117 195
249 117 192
244 117 186
247 129 190
255 152 206
255 162 208
250 157 202
247 147 197
239 154 196
190 172 210
158 142 181
173 158 197
182 166 203
200 137 166
215 156 178
222 139 183
188 58 156
201 49 166
198 51 157
192 82 153
240 183 176
238 184 174
225 131 193
255 154 217
254 133 210
249 103 204
233 70 185
240 75 191
247 83 196
255 100 206
255 94 200
250 79 194
250 77 193
245 74 186
252 85 191
253 91 194
247 87 187
253 93 193
250 92 189
248 100 188
253 111 193
250 118 193
245 126 190
251 151 201
246 155 198
242 162 199
190 170 207
185 169 206
183 168 211
180 165 206
180 164 201
190 127 154
207 141 168
204 115 163
196 63 154
206 54 163
199 47 155
200 82 158
247 182 176
242 180 169
244 182 169
244 177 168
241 181 171
226 119 189
245 127 201
251 114 202
238 73 189
231 50 181
239 55 187
234 53 182
253 80 198
246 71 190
243 58 188
247 57 191
249 62 191
246 62 186
250 73 190
245 71 184
242 70 180
245 80 185
248 90 187
254 107 195
255 120 196
255 139 200
190 172 210
184 169 212
168 152 197
194 132 157
210 135 165
204 106 153
209 83 157
217 72 167
212 63 167
200 70 156
220 136 172
218 168 179
248 178 170
246 180 164
244 170 159
248 171 161
250 180 168
242 178 169
246 175 173
247 172 169
243 165 163
243 169 168
244 174 174
251 141 210
254 127 206
249 101 199
243 69 193
239 51 189
251 63 199
246 59 192
252 67 197
247 57 193
239 37 185
240 33 186
244 40 189
239 42 184
238 48 180
250 66 190
245 68 185
250 78 190
245 80 185
251 95 192
253 114 195
253 133 197
254 152 202
181 164 206
181 164 208
179 163 208
167 151 198
186 169 213
208 144 168
215 134 166
222 120 167
224 97 166
215 72 160
214 65 167
203 66 158
197 90 146
203 130 160
245 180 178
248 177 173
249 174 168
245 168 160
248 171 161
246 174 159
247 174 157
254 172 158
251 167 154
251 169 155
245 165 154
247 170 164
245 167 163
248 165 161
249 161 157
250 159 154
249 158 153
247 158 154
254 166 164
248 167 164
246 172 171
240 175 173
222 142 191
250 155 213
255 156 218
253 139 209
239 106 189
250 95 197
246 72 195
234 46 182
239 43 185
255 57 202
255 56 201
246 42 193
242 30 190
239 24 187
245 34 191
248 44 195
246 51 191
249 62 191
251 68 192
253 75 195
242 69 184
249 86 191
253 106 194
251 121 193
250 138 196
250 154 200
185 168 212
176 158 206
171 155 202
184 166 212
203 135 158
192 109 139
218 112 160
212 81 151
211 64 153
213 61 162
201 57 154
186 61 135
196 107 155
250 176 173
249 170 165
249 164 159
249 162 153
245 158 148
245 159 146
246 160 143
251 164 147
250 163 146
252 166 149
251 165 150
247 163 152
249 162 153
248 158 150
251 158 150
254 161 153
253 160 152
255 162 154
252 162 154
252 161 156
247 160 153
246 163 157
244 163 159
240 162 158
242 171 167
242 177 173
240 138 201
247 138 205
250 130 204
241 101 188
249 93 192
255 94 207
245 62 189
238 36 184
243 31 191
248 36 196
242 27 190
238 21 187
242 27 190
245 35 192
246 44 192
250 60 196
252 67 195
251 68 195
251 68 194
238 60 182
253 82 194
255 99 196
250 111 190
249 126 191
249 147 197
182 164 210
175 159 204
215 141 168
210 120 156
222 111 164
191 56 132
201 50 143
214 56 166
209 55 165
191 54 146
201 99 165
250 180 178
249 168 164
250 165 158
254 165 157
255 165 156
252 160 149
252 158 146
250 158 143
253 162 143
250 159 140
252 161 142
255 166 148
253 164 148
251 162 146
251 159 146
250 156 144
252 155 146
254 157 148
251 157 145
253 159 147
254 160 150
252 158 148
251 157 147
252 160 149
250 160 151
246 157 149
246 163 155
244 167 161
232 162 164
233 178 183
246 159 210
242 141 201
254 140 210
250 123 202
246 104 190
249 95 191
255 100 204
252 74 196
238 36 184
235 19 182
239 22 188
240 24 187
241 27 187
245 34 189
245 41 190
245 48 189
251 61 193
253 66 195
247 60 193
245 58 189
245 62 188
249 76 191
245 85 185
246 100 185
243 116 183
255 151 202
173 160 204
183 167 212
169 153 198
182 165 209
186 167 210
221 159 182
217 131 166
225 126 173
213 94 158
192 53 134
194 37 140
216 47 176
211 45 177
193 46 160
199 89 175
249 170 166
253 164 158
251 161 152
253 163 152
253 161 150
255 165 154
255 164 153
252 160 145
252 161 142
250 158 135
254 158 136
248 153 131
248 158 134
255 170 148
250 163 143
245 154 136
251 153 142
255 154 144
254 153 141
251 153 140
251 153 140
251 155 141
246 153 138
255 162 147
255 162 147
250 158 143
247 159 145
243 159 149
239 160 156
224 158 160
217 170 176
231 160 204
248 153 207
255 140 209
247 119 196
248 109 192
253 104 194
255 99 198
255 82 198
246 50 192
231 21 178
234 22 182
236 25 180
245 37 183
247 45 183
249 53 189
250 59 191
247 56 186
247 56 188
245 50 190
238 46 183
249 66 192
251 79 191
245 83 184
238 92 177
247 122 188
255 155 203
164 148 193
168 152 199
168 152 199
167 151 200
163 147 194
178 159 204
192 170 209
223 149 182
239 140 187
229 115 175
196 68 142
193 49 136
199 39 145
230 56 190
217 46 186
203 50 176
183 69 164
218 162 211
244 169 164
245 155 147
255 160 151
253 160 145
250 157 140
250 157 140
253 160 143
254 162 147
252 161 143
250 158 135
253 157 133
251 152 129
248 152 127
248 157 130
246 159 131
255 169 142
255 168 146
252 155 139
255 154 142
253 151 137
255 155 140
254 157 141
254 158 142
254 158 142
252 156 140
251 156 138
246 153 135
233 142 124
245 157 143
236 151 146
230 156 157
222 165 171
240 151 207
255 159 213
238 118 189
252 119 198
250 111 194
249 102 190
252 96 195
251 80 194
245 55 187
244 45 188
248 45 189
249 46 189
246 46 179
248 53 181
255 66 192
250 64 191
243 52 181
250 56 189
247 50 192
239 44 184
245 62 188
255 84 196
254 96 193
247 108 187
247 129 189
251 155 201
162 144 190
169 151 197
166 150 197
149 135 188
142 128 181
155 141 194
148 128 177
190 161 205
237 148 194
226 107 171
205 74 150
206 67 150
200 53 141
202 43 145
224 51 177
216 44 178
204 48 173
200 82 178
244 172 173
249 178 176
250 175 169
244 162 151
253 161 148
251 151 136
255 152 137
252 153 132
248 152 128
248 152 128
249 155 130
250 158 135
252 160 135
249 155 129
250 152 125
253 155 128
250 155 127
246 155 126
243 156 126
249 164 133
247 160 132
248 151 132
254 152 137
253 153 138
254 153 141
255 159 146
252 156 140
248 152 136
246 151 133
248 155 137
249 158 137
241 153 131
240 153 136
222 135 128
216 136 137
210 143 150
220 166 179
236 129 197
248 134 204
255 157 216
251 143 203
233 105 180
250 112 195
253 116 196
255 114 202
255 95 198
244 71 186
252 68 190
250 62 185
255 65 189
255 65 187
249 57 179
245 55 177
246 61 181
251 67 191
250 64 191
254 63 195
246 49 191
238 43 183
245 60 187
249 81 190
252 104 192
250 123 192
250 143 197
176 158 206
150 136 189
156 143 199
148 135 191
137 120 175
149 122 173
190 159 203
212 115 166
205 79 150
206 68 151
213 69 156
216 68 154
206 52 148
221 54 170
215 49 173
209 54 172
237 108 209
224 144 215
246 170 174
247 163 163
248 159 155
248 155 148
248 151 142
252 152 136
255 155 135
234 129 108
250 145 124
255 158 133
251 155 130
248 153 125
252 157 129
252 161 134
248 158 131
250 159 130
251 158 127
253 159 131
252 159 128
246 155 124
249 160 128
243 157 124
246 157 127
249 153 131
254 152 137
254 154 139
253 153 138
248 151 135
251 154 138
254 157 141
252 156 140
249 158 140
244 155 137
243 154 138
242 152 141
224 136 132
227 145 147
234 161 170
239 172 189
238 140 197
231 113 187
248 123 199
255 141 208
254 135 203
248 111 191
253 109 196
252 108 195
255 107 200
255 89 197
240 63 179
252 69 187
251 63 183
252 63 179
248 59 175
246 57 175
255 66 186
255 74 194
246 60 185
242 53 182
249 57 194
249 52 193
245 53 190
247 63 187
247 82 187
252 113 194
255 139 200
251 158 203
190 167 209
189 166 208
186 167 210
188 169 212
179 162 206
165 148 200
154 141 195
147 133 192
139 124 181
140 119 175
172 146 194
228 130 181
234 111 178
223 88 165
218 76 158
220 77 157
207 59 147
221 64 167
222 64 175
212 60 169
231 83 193
252 110 222
237 87 212
245 77 224
213 52 192
225 95 203
248 166 168
248 157 154
245 148 141
247 146 136
250 144 131
251 142 122
251 142 119
248 144 119
252 152 126
251 157 129
251 160 131
251 157 129
250 156 128
241 150 123
244 157 129
247 164 132
246 163 131
247 161 128
250 161 129
245 155 121
238 148 114
238 147 116
251 157 129
252 153 132
255 154 136
252 152 136
251 151 135
253 153 137
252 155 139
254 158 144
251 157 145
252 162 151
242 153 145
215 121 119
232 141 140
225 137 135
232 147 150
239 159 172
229 151 173
239 164 197
244 163 206
254 160 212
248 138 201
249 124 198
250 119 197
254 126 201
251 118 197
253 106 195
250 96 192
252 93 193
254 89 193
255 78 192
242 57 177
242 49 176
249 53 179
244 46 167
248 50 171
244 50 172
255 64 186
255 74 197
247 56 185
241 44 183
248 49 192
252 57 197
247 57 191
243 60 184
246 83 188
249 118 194
255 154 209
190 165 205
185 164 207
186 165 208
195 170 210
194 169 208
175 156 199
179 160 203
178 161 205
176 160 209
160 146 199
152 141 199
139 125 184
136 121 180
161 141 194
183 157 202
244 155 201
215 101 161
201 71 145
212 73 152
227 84 163
207 61 144
208 59 153
215 63 163
223 73 170
240 83 190
253 76 210
233 37 196
238 23 205
234 27 203
228 57 197
255 141 232
249 179 181
248 162 163
253 160 155
253 152 144
249 145 134
249 141 128
241 130 110
245 135 110
252 148 121
250 152 123
248 159 129
249 162 132
250 161 131
245 156 126
227 142 113
234 150 122
246 167 136
248 169 136
246 161 130
244 158 125
244 154 119
243 150 116
246 153 120
250 155 127
249 150 129
255 154 139
254 154 138
254 154 138
254 154 139
253 153 138
248 152 138
252 160 149
249 161 151
230 141 135
217 122 126
215 120 124
217 127 126
232 146 149
227 139 155
214 123 154
231 138 182
245 144 200
250 137 201
246 121 195
246 113 194
244 104 190
250 106 194
248 99 193
249 90 190
251 84 190
247 75 187
252 73 191
253 65 188
245 50 180
242 38 172
247 41 175
243 37 161
254 50 173
248 47 177
247 47 180
251 53 188
244 46 185
239 32 182
242 38 189
248 49 194
246 54 191
246 63 187
243 84 187
246 122 194
191 165 204
189 166 208
185 169 214
171 155 200
185 169 216
168 154 205
154 143 199
140 130 190
132 121 181
152 139 195
172 154 202
209 109 163
196 72 142
218 80 157
217 74 153
200 54 135
192 45 134
198 51 140
215 69 150
232 72 168
243 53 189
240 27 193
245 17 202
241 22 200
229 45 191
255 136 236
255 176 179
250 162 161
254 160 160
255 157 152
250 147 140
247 141 128
251 144 124
254 148 124
250 148 123
249 154 126
246 161 130
244 164 131
239 159 126
238 157 127
239 162 132
238 163 132
243 168 136
249 170 139
245 162 132
240 154 121
242 152 115
241 149 110
244 147 112
250 152 123
244 143 123
254 152 138
254 153 141
253 152 140
251 149 137
237 136 124
243 147 135
253 161 148
247 159 147
239 150 142
236 145 144
216 124 125
224 133 130
237 145 148
225 127 148
208 104 141
221 110 163
238 117 186
247 114 195
246 103 191
251 104 195
255 102 200
249 88 192
249 81 192
251 77 192
250 68 189
244 55 184
246 50 186
249 46 187
245 36 181
240 26 173
249 34 172
255 45 168
251 43 165
240 29 168
237 24 174
242 31 185
243 29 189
237 20 186
236 21 186
242 34 190
248 51 193
248 65 192
248 91 194
250 133 203
195 170 212
188 167 208
169 150 195
183 165 211
169 153 200
154 141 187
174 158 205
166 152 203
163 152 208
129 121 180
126 120 182
134 126 186
152 139 192
172 153 198
211 155 190
219 159 195
220 154 190
218 143 182
203 114 160
210 91 155
214 80 151
205 68 140
197 56 132
183 41 123
191 48 128
213 69 141
229 66 159
242 46 182
248 29 195
247 20 195
246 29 196
229 41 180
235 101 196
251 170 169
245 155 154
248 154 154
252 154 151
251 149 144
251 147 136
250 147 128
253 151 128
250 148 125
246 152 124
242 159 127
234 158 124
240 164 132
241 166 135
233 164 131
232 163 130
236 166 132
242 166 134
243 160 130
241 155 122
244 151 117
244 150 114
251 152 120
252 152 124
250 149 129
255 153 139
255 152 143
244 143 133
253 150 141
245 144 134
248 154 144
248 158 147
245 157 147
244 155 147
226 135 134
226 134 135
235 144 143
232 137 143
226 122 147
214 101 145
218 92 156
229 92 172
240 91 185
244 88 189
248 89 192
250 84 194
240 62 182
247 62 190
252 61 193
243 47 183
234 31 175
236 27 178
242 27 182
239 20 176
242 19 172
248 27 169
247 33 157
255 43 167
242 30 167
239 25 173
237 23 181
236 19 185
236 16 184
234 19 184
232 27 180
235 43 182
241 61 186
236 81 182
245 128 196
232 166 191
191 129 152
164 145 188
171 152 198
182 164 212
173 157 206
163 147 196
160 146 195
167 155 205
155 146 203
120 114 176
111 109 174
112 107 171
134 125 182
170 156 205
216 166 203
225 158 199
219 133 178
210 103 155
221 108 160
237 134 181
221 144 180
217 105 161
224 95 159
205 75 139
196 63 129
199 53 128
209 45 140
235 41 174
242 33 186
246 31 187
247 41 185
227 46 161
214 83 159
248 172 172
246 162 160
250 160 159
249 154 150
250 153 147
252 153 147
253 152 142
255 153 136
253 151 129
252 150 125
248 153 123
240 160 127
232 158 123
236 163 130
242 171 139
231 166 134
235 170 138
240 171 138
244 169 137
243 163 130
251 162 132
254 159 129
249 149 121
250 149 121
252 150 127
252 149 130
244 141 126
252 149 140
241 140 130
252 154 141
254 158 146
249 155 147
243 153 145
248 159 153
247 158 154
229 137 140
236 144 149
225 130 136
230 132 145
222 115 143
214 93 144
207 69 146
233 82 177
246 85 191
251 83 196
255 85 201
250 70 193
240 48 185
242 40 186
243 39 188
237 28 181
240 25 181
242 22 182
240 15 181
237 10 175
243 15 174
249 23 169
248 27 158
245 31 153
250 44 170
255 52 185
249 46 189
244 37 189
240 29 186
235 28 180
247 55 192
254 74 199
249 78 192
232 81 176
239 118 187
200 115 146
193 106 138
239 160 189
205 153 173
196 171 210
189 168 211
175 156 202
182 164 214
172 156 205
171 155 204
168 152 201
170 156 209
138 127 185
120 114 176
110 108 173
113 111 176
133 125 185
154 141 195
171 153 201
238 152 201
212 97 154
226 101 159
229 108 161
237 131 177
224 157 188
223 121 169
222 100 159
205 79 140
195 65 127
201 42 134
224 38 165
238 36 180
243 37 182
238 43 171
225 51 146
212 82 142
248 168 169
252 171 170
255 170 169
254 163 160
250 155 151
252 153 148
252 151 143
252 150 136
249 146 127
243 141 118
234 139 111
243 160 128
237 162 130
232 159 127
240 169 137
232 166 134
237 171 137
236 168 133
234 161 126
241 161 126
251 162 130
253 155 126
251 149 124
253 149 124
255 150 129
253 148 129
250 147 132
242 138 129
244 141 132
255 154 142
252 156 144
247 152 146
242 148 146
250 159 158
244 152 153
235 142 150
230 134 145
229 131 143
225 122 143
221 107 143
204 75 132
219 71 157
233 70 175
241 68 186
248 68 193
243 60 187
246 54 191
240 36 187
240 29 186
241 27 185
241 23 182
240 18 179
242 15 180
242 10 181
243 10 179
246 15 173
249 21 166
251 25 158
244 26 149
245 42 160
253 57 180
252 58 189
241 46 184
236 37 179
234 42 177
247 69 189
253 87 195
252 93 195
251 107 195
251 130 199
253 155 206
229 148 178
246 135 177
205 73 122
230 100 148
254 150 187
242 168 195
185 162 208
175 155 204
167 149 199
180 163 215
181 165 214
178 161 213
159 146 202
135 127 187
121 116 182
121 116 182
130 121 186
139 128 188
157 140 195
174 154 205
182 159 205
200 167 210
214 145 192
214 117 170
248 134 186
239 112 167
222 101 152
248 156 197
239 143 189
223 105 163
203 77 140
187 56 122
186 53 118
197 46 127
222 43 161
233 38 176
234 37 179
232 44 167
223 56 136
221 88 133
255 172 190
248 171 189
225 126 172
255 154 199
255 168 185
249 169 172
255 169 168
247 153 151
245 146 141
251 148 141
252 149 140
255 156 142
252 151 131
247 151 127
243 160 130
240 164 132
238 163 132
244 169 138
237 161 129
234 160 125
230 158 120
233 159 120
242 163 124
247 159 123
251 152 121
253 149 120
254 148 124
252 145 125
244 138 124
237 130 120
223 116 108
250 145 139
246 143 134
235 134 126
240 141 136
239 141 140
237 141 143
252 155 162
243 145 157
231 130 146
228 122 142
226 113 143
218 95 141
203 64 131
215 57 150
227 54 169
240 57 184
244 54 190
246 50 192
247 45 193
239 28 185
236 20 181
239 21 180
241 20 178
239 15 173
241 12 173
241 8 177
245 10 175
248 15 168
248 17 159
248 18 152
245 25 151
247 42 163
248 55 174
248 64 186
240 60 183
234 57 174
246 74 186
248 87 191
247 96 191
247 105 191
253 122 198
251 135 198
251 153 202
233 150 180
253 144 185
246 114 163
226 100 147
217 128 160
201 142 170
198 135 164
183 160 189
189 162 197
183 157 205
171 148 200
162 143 196
161 142 195
172 155 209
149 136 192
139 129 189
121 112 177
117 108 175
126 113 182
127 112 177
142 123 186
152 131 190
165 145 198
190 162 211
199 157 207
199 137 188
226 138 189
246 135 188
248 116 174
230 101 157
227 121 169
236 151 192
234 145 189
217 102 159
204 79 143
196 65 133
195 64 130
187 57 121
212 42 149
224 39 166
233 46 177
228 47 160
215 54 124
233 97 135
255 159 175
223 117 140
206 73 136
233 100 165
252 147 177
255 169 180
255 173 175
251 161 161
251 156 154
249 150 145
247 145 140
255 155 145
253 153 138
237 142 122
239 155 127
238 159 129
237 160 130
240 161 131
238 158 125
233 155 119
226 154 116
231 159 119
236 157 118
248 160 122
249 151 116
250 145 115
252 147 118
245 139 117
252 144 132
249 140 133
254 147 141
244 136 133
239 134 130
245 141 138
241 141 141
249 150 153
235 135 143
244 143 157
242 139 160
236 126 153
232 114 148
225 99 146
214 75 138
201 48 130
205 38 143
219 39 160
242 55 186
243 47 189
246 44 192
246 37 191
240 24 185
237 17 179
234 13 171
240 16 174
239 14 170
241 13 172
240 7 174
242 7 170
245 13 161
246 13 154
249 17 153
244 19 149
242 32 155
238 45 162
241 67 180
245 84 188
252 98 194
255 107 197
252 110 196
253 116 196
249 119 193
253 132 199
255 141 200
252 154 203
242 155 187
235 159 187
239 168 202
199 117 153
197 153 178
196 160 204
182 150 199
178 150 201
159 134 189
153 134 190
148 133 190
143 130 186
140 129 189
129 117 181
114 99 168
113 96 166
127 107 178
139 118 185
151 129 193
155 131 191
172 143 201
185 146 201
199 138 195
229 138 197
225 109 170
236 102 163
236 102 161
232 118 170
234 135 181
243 156 198
247 165 203
241 159 197
239 151 191
252 151 193
229 137 176
233 148 190
210 98 154
196 74 135
189 62 129
185 55 125
212 53 146
233 60 168
237 61 170
234 64 160
212 56 121
226 84 122
237 111 125
216 62 134
208 57 136
224 104 149
255 162 185
255 174 187
248 169 174
248 168 169
252 168 168
252 163 165
255 163 164
247 152 148
254 157 150
252 158 148
247 155 140
243 159 135
240 161 131
241 162 132
247 166 136
237 157 122
226 150 114
217 149 112
221 153 114
226 151 111
244 159 118
248 150 111
249 147 109
252 147 117
246 140 116
225 115 102
247 135 131
252 143 140
246 138 136
250 144 146
244 141 144
246 150 154
255 160 168
246 149 164
242 140 162
240 129 162
229 106 150
220 85 141
221 75 146
209 51 138
205 36 139
208 31 147
210 25 152
238 48 180
244 47 188
243 39 190
244 33 188
237 22 178
232 13 169
230 9 164
237 13 169
237 12 166
236 8 165
234 5 168
238 7 165
243 9 156
247 12 151
248 16 152
243 17 150
240 26 150
239 47 160
243 79 178
255 111 198
255 133 207
255 136 205
253 132 201
255 135 202
251 132 196
250 136 196
253 141 199
251 153 202
222 163 191
213 131 169
197 102 142
226 167 197
194 156 195
201 166 208
195 162 207
180 148 197
171 142 196
167 144 200
157 140 195
153 138 193
153 139 198
152 137 202
126 111 180
131 114 184
124 107 177
133 113 182
142 123 189
125 104 169
155 129 192
171 137 197
180 126 186
193 104 170
213 98 165
217 80 148
225 84 150
244 119 177
246 129 182
244 136 185
234 126 175
235 123 173
233 112 165
240 107 162
226 99 150
238 137 179
227 144 186
208 99 154
187 69 129
184 50 119
217 65 150
232 71 165
221 56 150
221 59 142
211 56 121
223 61 137
209 51 135
223 97 145
255 158 186
255 162 182
252 160 173
255 170 177
255 175 179
242 160 164
255 169 172
251 157 155
254 159 153
248 153 147
243 151 140
239 154 133
238 157 130
235 154 127
237 158 128
227 151 117
215 145 109
210 148 111
219 155 117
230 155 115
235 151 107
238 142 100
250 148 108
253 149 112
253 148 119
239 128 111
251 138 130
247 138 133
237 129 127
239 133 135
237 134 138
239 144 152
255 166 179
255 163 184
236 131 162
238 118 164
230 96 157
218 67 144
204 41 134
195 24 130
203 20 144
222 35 164
235 46 175
237 40 179
238 31 181
238 24 180
232 17 172
229 12 165
225 6 160
230 10 162
235 12 165
231 6 160
229 3 162
236 7 162
243 10 154
247 12 149
246 11 148
241 14 147
237 21 146
237 43 155
251 90 183
255 128 204
255 145 208
253 146 202
249 142 198
255 152 208
253 149 202
248 144 197
247 143 194
249 156 201
211 125 164
212 109 152
179 103 139
195 163 200
197 165 204
199 168 209
186 157 201
196 167 213
191 163 211
186 162 212
165 146 201
145 131 190
136 126 189
123 114 181
132 121 189
116 105 173
122 113 180
125 114 180
111 99 165
127 108 172
159 135 195
168 124 187
182 102 173
196 85 161
208 70 147
224 77 148
236 96 159
241 106 165
244 109 167
237 100 156
238 94 155
244 91 155
248 88 152
248 88 152
243 98 155
238 116 165
235 149 186
247 164 206
217 110 162
191 78 132
180 61 119
199 56 136
208 56 139
206 50 134
212 55 134
214 59 127
215 70 113
230 67 148
220 63 144
234 108 153
255 150 177
255 140 169
228 120 144
243 149 165
255 174 185
255 172 179
255 171 174
249 155 155
249 151 148
252 153 147
248 152 140
237 148 130
243 159 135
233 153 128
227 152 123
225 156 123
216 154 117
207 149 112
215 153 114
224 149 107
233 146 101
231 136 92
249 148 106
252 151 107
240 136 97
243 133 110
253 141 127
253 141 130
241 132 127
246 141 138
250 149 153
246 153 163
253 160 178
255 160 185
239 128 168
228 98 158
232 85 163
221 57 154
202 26 137
202 18 142
214 28 155
229 40 168
238 44 177
237 31 178
230 17 171
227 12 167
226 11 166
223 5 161
225 8 161
228 8 158
225 2 153
229 4 160
235 8 160
243 12 152
245 13 148
245 11 146
239 12 143
234 18 141
237 44 153
254 91 180
255 121 195
255 142 203
251 148 201
251 151 203
254 161 206
250 159 203
247 156 200
249 164 205
221 160 191
225 130 170
206 122 158
222 148 185
198 168 206
198 167 208
202 169 212
183 160 212
131 113 171
118 106 168
117 108 173
126 117 182
123 117 181
123 118 184
118 111 178
117 105 171
148 134 196
160 130 194
170 108 181
165 72 152
189 63 145
219 76 155
222 76 147
242 93 159
255 102 167
241 82 148
238 73 141
231 57 128
233 49 121
230 46 118
235 60 127
228 79 137
224 114 159
236 151 192
212 108 157
212 101 152
202 85 140
186 62 124
201 53 129
208 56 131
209 55 125
212 66 115
223 62 142
231 76 154
252 126 171
255 146 179
228 106 147
202 85 127
228 129 160
254 169 192
253 171 181
248 157 162
246 151 157
242 148 162
245 153 168
236 151 158
231 152 148
232 155 137
217 146 118
220 155 123
217 157 121
216 158 121
203 141 100
227 150 106
240 153 107
240 142 95
244 144 92
246 143 98
226 117 86
231 119 99
248 136 122
239 128 119
249 141 138
244 141 145
254 158 170
253 155 178
251 141 178
240 115 170
225 83 157
236 77 170
216 42 153
209 27 148
204 20 144
215 29 154
221 32 158
232 36 170
236 30 175
232 21 175
230 19 174
225 14 171
221 10 165
225 12 166
224 6 154
224 5 149
229 7 152
235 10 150
236 9 140
239 10 136
243 13 139
240 16 140
237 23 144
236 43 150
245 82 171
245 109 181
253 139 198
255 156 208
255 159 207
254 162 209
197 150 170
217 169 193
218 151 186
198 153 184
172 146 185
175 147 188
193 165 206
191 163 204
195 167 208
182 145 189
203 161 207
175 133 179
183 155 204
158 138 191
146 131 188
136 125 185
145 134 194
138 130 190
129 124 188
113 108 175
127 118 183
145 129 192
140 104 174
148 84 162
165 65 151
192 66 150
218 77 153
232 78 150
233 67 139
237 63 135
237 59 133
230 44 119
239 41 118
238 40 117
238 51 122
239 76 139
233 106 157
235 170 200
199 113 152
209 110 154
222 116 162
211 97 148
199 76 131
198 54 124
208 61 132
209 60 126
205 60 117
209 51 126
237 85 160
251 123 172
239 119 164
210 84 145
214 96 157
235 137 186
232 147 188
243 168 201
249 171 195
247 161 174
243 154 176
222 138 190
192 111 177
190 117 172
203 134 165
217 147 145
225 155 130
219 153 121
223 159 123
212 152 115
215 150 110
231 155 106
239 153 102
232 140 89
244 145 86
246 145 91
249 141 103
241 131 104
249 137 117
253 141 129
251 142 139
236 131 138
242 141 159
235 125 160
229 100 156
222 76 151
222 63 155
215 43 151
206 24 143
203 18 145
200 17 143
202 18 142
206 20 145
217 26 155
227 29 166
231 25 172
229 20 174
226 18 178
220 14 176
215 9 169
216 7 161
222 8 155
227 9 147
230 11 139
235 13 134
237 15 128
242 18 130
243 19 133
241 23 136
240 32 146
250 60 166
255 100 188
255 126 200
255 145 204
255 160 211
219 167 205
188 160 198
194 166 207
191 155 201
202 156 205
206 153 205
207 157 208
175 129 178
181 138 184
177 135 181
196 154 200
191 153 200
177 148 196
164 142 191
167 148 203
139 124 181
143 132 190
146 136 196
134 128 190
109 102 172
107 102 168
122 107 176
145 109 183
156 88 171
163 70 151
199 81 155
216 74 146
214 50 123
234 56 130
241 61 135
233 45 122
239 44 120
248 73 140
248 103 160
249 127 176
242 144 183
236 145 180
214 112 149
227 118 157
231 120 160
218 102 147
202 78 130
195 56 123
201 58 124
205 61 123
206 63 117
209 70 112
209 58 125
229 82 152
224 94 154
193 70 133
181 59 142
215 102 192
210 119 198
185 107 180
192 121 191
221 147 210
229 147 196
220 136 196
144 65 157
181 115 127
216 149 133
201 136 108
213 149 113
212 150 111
213 146 103
223 145 96
233 148 91
233 143 83
245 147 82
241 136 88
245 137 99
247 136 109
249 138 121
251 139 135
255 149 158
255 152 174
245 125 170
224 78 149
203 40 133
202 31 137
200 21 139
202 17 144
202 17 144
206 17 146
221 27 160
222 23 166
222 17 170
221 17 178
215 16 179
203 7 169
205 4 160
214 7 157
222 9 151
228 13 143
244 25 125
244 25 129
250 35 139
245 40 145
247 58 158
240 80 166
246 110 184
255 142 202
253 154 208
247 153 205
212 124 172
223 153 187
220 164 199
221 154 195
185 113 159
217 154 199
196 161 201
197 161 207
205 152 206
218 133 198
191 94 163
195 104 171
187 111 173
187 134 186
196 158 205
186 152 200
176 147 193
175 148 193
172 149 195
167 149 199
143 128 183
123 112 170
130 120 181
127 119 179
127 121 185
120 115 181
108 107 173
122 112 181
127 104 176
165 118 188
194 117 183
192 81 147
203 53 124
243 73 146
238 66 140
228 50 124
230 42 118
240 45 123
237 45 120
245 61 133
246 75 141
247 89 150
239 98 151
245 113 160
215 83 120
224 97 127
236 116 144
215 94 129
201 75 123
189 60 116
197 59 119
202 63 118
205 67 116
211 71 116
212 70 118
214 73 126
218 79 142
212 82 154
195 73 160
174 62 174
163 65 188
143 63 184
156 82 197
157 79 198
130 64 172
204 140 138
216 154 131
212 150 113
214 149 109
222 151 105
224 147 91
234 150 86
241 153 81
239 147 72
253 150 92
252 146 98
251 141 104
248 136 112
242 130 119
255 146 152
248 138 163
235 111 161
219 65 149
202 31 137
200 21 138
200 15 143
207 22 149
203 16 145
209 19 153
223 26 168
221 20 174
214 13 177
210 14 182
189 6 174
187 1 162
207 8 153
215 7 143
221 10 141
222 9 133
232 23 124
243 27 124
249 35 133
242 34 130
241 52 144
251 89 172
247 109 184
255 142 208
241 136 195
203 105 162
173 98 137
195 157 178
182 137 160
222 167 199
212 152 188
216 149 192
186 112 161
188 118 168
217 166 209
201 162 209
156 99 154
164 67 134
192 111 177
198 148 201
184 150 198
185 156 202
167 140 185
185 158 201
186 163 207
178 160 208
152 138 191
150 139 197
130 120 180
133 123 184
125 119 181
133 112 177
168 120 180
224 144 203
203 84 148
226 85 153
232 83 151
234 73 143
252 74 148
248 60 136
240 49 126
249 59 133
240 54 127
241 61 132
246 80 144
252 93 147
226 76 113
191 62 116
192 61 113
200 67 112
202 67 110
206 77 134
204 77 156
186 65 166
171 66 185
163 72 201
158 83 212
151 83 218
141 76 220
135 67 214
147 74 215
141 64 204
128 49 192
141 64 196
154 87 190
150 89 158
174 109 139
172 106 107
189 127 104
207 143 107
224 155 113
226 153 102
231 152 93
235 152 84
241 153 77
246 155 76
248 156 81
249 154 86
248 149 92
238 135 90
239 130 97
241 130 110
243 132 125
251 139 151
254 139 172
226 96 156
215 56 148
206 29 143
205 23 144
194 9 137
194 7 140
199 14 144
206 21 149
207 20 151
217 25 164
223 25 174
216 18 177
208 17 185
193 10 180
180 4 167
207 9 146
220 14 141
227 19 143
224 17 135
250 40 129
250 40 131
245 41 130
255 70 155
250 91 171
255 122 194
255 134 201
207 97 160
182 98 148
205 163 185
221 173 197
216 165 198
177 115 164
185 127 175
177 124 176
176 90 151
175 80 146
178 99 162
205 144 203
181 141 193
159 130 178
185 156 202
189 162 205
181 154 197
179 156 200
178 160 208
169 155 206
148 137 193
143 134 191
143 132 192
129 120 183
110 109 175
153 123 183
206 157 212
223 153 205
229 139 191
222 110 166
234 98 160
234 67 137
246 61 137
243 57 132
245 57 133
243 52 130
231 45 120
244 67 137
248 79 136
236 76 112
194 69 109
200 71 109
193 68 110
187 66 120
192 68 152
178 62 163
173 72 178
179 92 199
186 107 214
190 118 226
187 120 236
173 105 228
170 95 221
162 83 208
145 61 185
156 74 182
159 89 162
159 94 136
188 120 133
191 125 99
211 143 106
223 149 104
232 152 99
230 149 86
239 152 83
240 149 76
240 148 73
242 149 79
240 147 86
210 106 97
216 109 115
230 118 142
242 122 168
228 91 161
213 51 150
207 30 146
208 25 149
200 15 143
197 10 143
210 20 156
223 30 173
221 27 176
214 24 182
200 23 189
182 10 174
181 6 159
192 9 149
207 11 137
222 18 139
224 20 141
220 17 132
245 38 118
254 46 130
252 46 129
247 45 129
255 75 156
255 114 188
247 111 183
225 98 167
196 83 145
200 106 158
214 169 192
203 144 192
201 138 185
205 146 194
184 132 181
193 136 187
204 127 183
221 141 200
187 126 183
187 136 192
197 153 206
177 137 189
199 163 211
192 160 207
170 144 189
177 155 201
154 136 184
149 132 184
141 128 182
131 120 178
141 129 191
136 127 192
108 107 175
140 104 168
190 142 200
215 158 211
243 155 206
241 123 181
219 65 135
231 56 131
239 61 137
241 56 134
238 49 131
234 45 125
235 50 125
245 70 129
207 84 115
189 66 112
183 64 122
184 62 147
176 60 157
189 89 185
201 112 206
206 123 215
201 124 220
188 117 219
176 107 213
177 99 208
172 89 197
165 79 180
157 74 156
158 88 112
188 116 119
191 122 93
204 132 92
214 136 88
232 150 94
235 152 86
244 157 86
239 149 73
204 98 118
219 107 147
214 88 151
219 75 160
213 51 152
214 40 155
217 34 160
204 20 150
197 9 145
206 15 154
212 23 167
212 25 176
208 28 185
189 21 179
177 12 164
186 11 150
198 15 142
210 18 137
216 22 137
214 17 133
252 47 126
251 48 129
247 46 126
240 55 133
233 79 151
194 59 128
187 60 129
196 83 145
204 112 161
216 162 196
227 164 209
219 147 195
216 142 193
195 122 177
196 126 180
200 130 184
210 147 200
196 147 200
189 140 195
187 123 181
188 123 179
191 141 194
193 155 206
133 107 155
159 139 188
163 143 194
144 125 178
142 127 184
124 113 173
128 116 182
111 101 172
180 98 170
203 128 193
213 138 197
230 150 203
231 130 188
218 78 147
226 65 141
231 62 141
220 44 125
225 43 128
226 40 124
198 78 106
206 78 113
208 72 118
201 64 118
192 63 120
183 60 127
185 63 146
191 76 167
205 103 189
210 116 204
214 125 215
208 124 218
197 121 219
187 111 209
183 100 192
180 95 180
174 88 163
162 78 137
169 96 107
228 148 87
232 152 83
235 153 79
243 153 74
237 145 78
193 85 117
199 81 141
196 60 145
218 68 167
207 44 149
207 35 147
212 31 158
203 19 153
194 8 145
202 14 153
209 26 170
200 27 179
189 24 178
178 18 166
180 18 155
191 17 138
200 20 130
245 40 119
251 46 125
245 40 119
232 41 119
181 58 125
175 65 126
218 146 184
188 116 162
217 139 189
219 136 190
204 120 179
190 110 169
179 106 162
180 117 172
174 125 178
188 135 189
167 92 151
178 98 159
187 117 177
186 131 188
148 111 165
161 137 189
163 140 192
159 140 193
137 124 180
142 128 190
135 115 186
127 106 181
110 91 170
161 63 140
181 85 156
213 117 181
224 113 179
218 80 155
228 73 151
219 58 138
204 81 112
214 81 126
206 71 129
200 67 133
194 66 141
193 69 153
204 86 174
211 102 185
214 111 194
220 122 209
215 122 211
212 123 213
201 113 199
175 85 157
180 89 150
170 80 131
209 131 83
229 149 90
229 148 82
229 149 78
234 152 76
242 156 73
236 144 81
193 85 119
189 68 135
188 49 142
210 57 165
215 52 159
206 33 148
209 28 157
197 12 149
192 6 143
203 16 157
199 22 165
186 26 176
180 28 175
177 26 163
206 17 133
218 26 129
225 30 122
244 39 118
232 41 119
210 48 121
189 49 118
178 70 130
195 105 156
235 165 202
239 170 199
208 126 174
195 112 164
209 126 182
204 123 182
170 88 150
177 88 154
169 87 151
178 110 169
184 119 177
166 87 150
169 80 146
175 79 151
172 117 175
182 145 199
158 128 182
122 101 157
129 120 177
132 120 184
131 103 177
135 96 177
127 77 166
193 55 140
210 64 147
210 56 140
205 47 131
201 45 128
201 82 112
214 84 128
204 71 128
197 63 136
197 64 147
202 72 160
212 85 174
211 92 176
222 106 189
225 116 199
217 109 192
209 105 184
189 86 155
183 83 135
181 83 121
211 125 92
218 136 89
229 148 92
231 150 85
233 150 80
232 150 76
247 157 71
246 154 79
240 148 85
190 83 109
179 57 118
193 54 143
213 60 166
220 56 168
208 35 153
200 19 150
191 11 144
190 8 145
196 13 157
191 19 165
170 23 166
165 27 166
200 15 135
209 23 134
220 31 133
227 34 127
236 39 118
231 44 121
214 50 123
180 72 130
221 133 181
218 123 165
199 106 151
199 111 159
204 113 170
216 126 187
207 123 183
182 93 157
162 61 131
179 86 154
181 92 158
170 79 146
170 70 142
168 57 136
149 72 138
185 130 188
184 143 199
144 116 174
122 83 162
135 77 164
201 38 131
200 40 130
201 89 114
204 79 119
199 66 123
195 59 133
195 57 142
204 67 155
210 76 163
199 70 153
217 91 172
212 92 166
202 85 155
208 92 157
189 75 127
187 75 113
225 129 89
223 133 81
239 153 92
241 159 86
232 150 76
249 158 75
247 157 69
249 158 75
242 151 80
231 142 86
189 52 140
210 58 166
220 58 170
212 40 160
197 18 148
191 10 149
192 12 159
186 19 168
195 20 137
201 20 135
209 27 137
216 34 135
221 36 129
222 36 120
227 42 120
213 42 120
188 59 124
223 115 173
214 164 191
216 163 193
224 147 179
194 88 136
191 78 132
255 147 200
241 152 200
206 106 166
178 78 142
217 122 186
200 101 168
193 83 154
188 70 144
168 57 133
170 57 139
182 101 168
189 133 194
162 126 187
192 86 108
201 81 117
196 63 116
196 56 127
201 58 138
204 62 146
214 72 156
212 73 152
206 72 145
191 65 126
195 72 126
203 80 127
196 71 111
238 144 80
243 156 85
237 155 81
235 153 80
245 155 76
249 160 76
245 157 70
247 159 72
192 41 154
207 44 161
190 20 142
185 8 158
183 19 168
200 30 136
206 31 134
211 35 133
212 37 130
216 39 127
217 39 123
226 43 121
228 45 123
221 43 127
206 45 125
206 75 141
253 146 202
247 158 206
206 127 170
172 97 138
160 89 129
187 119 158
201 140 174
202 154 180
215 140 171
214 120 157
226 139 174
241 129 179
206 72 133
218 84 147
237 124 178
249 142 196
233 119 181
181 64 132
187 70 140
210 93 163
204 87 158
191 66 142
176 49 128
172 55 134
177 76 152
157 87 157
142 95 163
190 91 111
196 81 114
191 52 117
194 49 124
196 51 128
206 61 138
211 66 141
195 54 120
237 152 85
232 148 75
235 151 81
183 34 150
205 43 163
192 22 147
185 11 160
193 34 134
206 40 138
208 38 134
211 41 130
214 44 132
215 46 129
222 51 130
225 50 127
226 50 125
230 54 129
227 50 130
209 48 128
218 85 151
228 116 174
201 104 155
167 81 128
162 79 125
170 91 136
186 111 152
211 119 156
226 115 158
235 119 166
255 160 205
235 101 162
203 58 125
207 64 130
235 96 163
246 110 176
226 85 154
216 64 139
218 70 148
220 92 166
200 78 151
185 49 134
176 60 143
153 72 151
199 55 124
200 55 122
186 39 156
200 39 168
195 25 157
190 15 146
188 11 145
187 10 150
189 17 161
196 40 139
209 48 142
214 49 141
218 54 140
218 55 136
219 56 135
223 61 136
223 57 131
227 57 130
228 56 130
230 58 134
221 54 132
232 77 151
236 101 167
205 87 145
185 85 139
167 78 126
176 88 136
177 96 139
210 142 179
244 131 175
226 102 152
210 96 145
249 131 183
252 118 177
235 86 152
225 63 138
228 63 139
237 75 148
241 75 149
188 45 124
211 83 158
192 65 142
181 49 125
192 49 137
146 63 151
175 42 149
193 42 171
207 45 183
201 32 173
187 11 148
186 15 153
198 44 142
215 57 150
222 62 150
229 70 152
225 67 144
221 65 138
221 64 135
221 61 131
231 67 136
235 71 142
237 75 148
233 78 152
235 91 161
211 81 145
192 77 134
173 74 128
165 84 125
199 129 165
252 158 195
240 127 173
237 108 162
252 117 173
255 128 186
240 94 157
227 56 132
230 47 127
228 39 121
232 36 122
201 60 139
184 69 146
176 64 140
182 39 167
193 33 181
206 37 190
202 29 183
184 10 159
185 18 149
183 31 139
197 43 141
209 55 143
222 66 149
225 68 147
218 62 136
219 65 137
219 65 133
213 56 123
232 76 141
229 79 143
237 92 159
229 89 158
219 88 156
205 87 147
179 74 130
154 93 124
197 160 177
217 155 178
254 164 199
255 149 191
210 71 128
232 79 143
254 108 170
252 99 163
235 59 132
228 34 120
220 42 126
205 52 134
177 60 139
169 60 139
175 26 169
192 26 186
207 36 200
211 36 199
196 20 180
186 7 160
185 34 139
188 34 130
196 42 128
215 63 140
216 61 135
216 62 134
215 61 131
223 69 137
234 81 145
216 68 130
230 87 149
228 94 157
220 94 158
204 88 149
184 79 135
154 91 120
214 175 193
235 165 191
219 122 157
241 137 174
254 157 192
255 152 196
232 82 143
225 58 127
241 76 144
251 82 149
244 60 132
228 36 119
224 40 124
215 52 135
200 64 146
180 57 138
174 24 175
192 25 191
203 31 201
211 35 206
203 26 195
198 17 180
198 16 163
191 8 148
186 17 146
188 35 139
202 50 125
208 54 124
227 72 138
235 89 152
213 73 134
202 63 126
208 78 140
208 93 152
188 85 140
179 123 150
229 159 183
255 156 196
235 120 161
245 141 178
255 145 188
226 77 135
221 51 121
225 48 118
242 58 130
253 61 134
221 45 128
210 56 140
198 54 141
190 45 136
165 44 173
190 45 198
196 35 201
202 34 205
206 32 207
205 26 203
200 18 188
203 18 174
194 11 155
201 52 116
206 56 119
221 73 135
208 73 131
200 71 128
183 61 118
184 80 133
168 76 125
171 117 143
252 169 197
253 160 191
246 138 174
241 129 167
247 139 175
251 135 174
237 99 150
229 66 129
221 43 129
214 45 134
209 46 137
191 33 126
160 54 178
196 64 210
203 53 213
207 46 214
208 37 211
197 20 198
196 14 187
198 9 173
190 6 156
199 66 121
190 66 118
189 71 123
164 70 120
204 151 177
244 159 190
254 165 197
255 160 192
254 148 184
255 148 184
251 147 184
251 140 180
255 130 178
243 94 150
235 60 127
218 35 127
213 38 131
207 42 134
184 48 133
159 63 186
186 64 207
203 63 220
204 51 217
205 43 214
204 33 209
200 19 196
199 9 179
192 7 163
197 65 114
191 65 113
189 68 119
190 77 129
182 78 129
165 71 121
206 162 185
248 163 196
254 158 193
255 154 191
255 151 189
255 153 192
240 146 183
235 138 179
248 137 180
241 110 160
242 90 149
234 60 129
237 38 118
210 31 123
206 37 126
188 51 131
181 48 131
146 57 177
173 60 200
192 62 214
193 51 211
202 51 218
209 49 221
211 38 215
209 21 196
196 11 174
198 67 111
205 79 126
191 68 122
186 73 129
172 74 125
194 150 175
232 176 185
226 177 183
232 138 172
246 142 179
246 137 176
244 142 181
230 139 180
228 140 180
240 139 181
246 130 175
248 114 167
242 87 152
234 56 134
230 38 121
189 56 122
192 60 133
178 45 126
167 59 197
196 72 222
196 62 219
199 57 221
203 51 221
204 40 214
202 23 200
192 15 181
212 74 126
209 71 120
207 77 123
202 78 130
147 80 134
154 85 139
166 100 144
188 134 168
237 176 181
240 173 180
244 168 180
240 167 178
240 175 183
223 171 175
248 161 193
248 146 183
248 137 179
245 136 178
240 148 187
249 161 201
247 150 193
245 138 184
244 121 175
236 96 159
231 73 147
230 59 138
226 49 130
213 35 121
186 48 131
152 48 187
182 62 212
181 51 209
199 63 225
195 52 219
193 41 212
194 27 203
184 17 185
193 57 121
218 79 136
179 59 123
168 98 152
193 127 175
201 147 181
251 172 178
231 148 155
237 154 161
246 161 166
244 158 161
245 156 160
246 157 163
253 166 174
255 175 187
249 171 184
244 177 186
251 175 185
255 167 176
223 136 142
199 130 132
248 148 186
234 121 164
241 132 174
217 126 167
229 144 185
240 145 187
246 140 188
238 121 174
232 104 165
231 91 160
232 84 158
234 79 157
207 50 131
192 33 125
187 53 122
162 48 196
161 40 195
178 49 211
182 49 214
189 48 215
190 38 209
181 24 189
174 17 170
185 56 120
200 67 130
176 97 154
186 112 161
208 148 182
246 165 171
236 141 147
240 144 148
255 159 161
255 149 152
244 134 137
247 138 143
248 139 142
251 141 142
247 134 136
239 129 132
253 148 155
255 168 179
255 171 184
244 164 175
244 168 180
236 166 176
226 171 177
237 173 171
231 157 154
240 160 159
236 152 152
228 142 145
231 142 148
247 156 165
253 163 173
255 164 174
248 142 152
233 132 138
234 154 155
244 144 182
240 129 172
235 130 173
192 109 151
226 145 186
235 139 184
239 133 179
236 124 174
239 122 177
229 109 171
226 103 168
228 103 171
225 93 166
205 59 142
190 37 127
194 50 119
204 55 119
149 45 190
148 35 187
151 31 190
165 43 204
175 49 210
182 46 206
179 33 192
182 27 181
173 26 158
162 78 137
172 81 140
193 103 157
208 127 170
248 171 181
240 145 151
244 131 133
245 123 122
245 123 120
250 128 123
254 129 123
252 128 126
250 132 132
252 136 136
255 137 133
242 118 116
246 120 121
243 122 127
237 130 138
235 139 151
238 154 167
251 173 186
230 165 173
248 173 168
243 156 149
242 143 135
239 131 119
237 120 110
237 116 108
235 120 117
248 135 137
255 149 154
255 154 161
255 152 159
249 148 156
251 150 158
255 174 181
241 145 182
240 131 173
251 146 189
236 151 192
232 149 191
241 142 186
243 136 182
231 123 172
242 133 186
246 138 196
217 111 173
218 116 179
227 121 187
224 104 178
187 55 139
205 49 122
216 56 128
215 49 115
150 41 194
157 44 196
171 50 203
173 38 192
181 27 183
181 21 171
174 22 157
161 87 148
176 95 153
168 79 133
166 69 123
170 73 126
165 73 120
188 103 144
227 152 183
246 162 186
248 141 157
243 119 129
249 116 117
250 113 107
250 113 103
251 115 103
244 108 94
249 117 105
251 124 117
250 127 122
249 124 118
240 115 111
242 118 118
239 124 129
239 142 151
251 168 178
244 171 178
247 173 172
246 165 161
247 157 149
249 146 139
249 137 126
250 128 115
251 121 107
248 110 97
245 104 94
242 109 104
255 137 136
254 130 130
245 125 127
255 138 140
246 133 137
249 144 149
255 160 166
250 171 177
243 153 188
244 138 178
255 148 190
255 163 201
249 154 194
253 150 193
245 139 185
236 130 179
240 136 189
234 131 187
219 124 182
189 105 165
192 112 173
197 112 179
183 87 159
171 59 141
215 47 122
152 42 189
163 34 187
177 26 183
179 19 171
175 20 158
164 89 145
181 97 147
165 73 120
168 72 117
181 89 136
182 90 137
183 87 132
220 114 150
235 107 130
240 102 115
244 103 109
253 111 107
249 107 93
252 110 90
250 109 89
250 114 100
250 119 109
246 119 113
243 123 124
238 128 131
242 153 157
246 171 176
249 177 181
253 177 179
249 163 162
243 153 145
249 153 141
253 149 136
254 142 130
248 130 118
251 127 117
252 121 111
250 113 105
245 106 99
242 105 99
255 124 118
255 118 110
245 111 102
243 110 103
249 122 116
251 131 132
255 145 146
255 154 157
255 166 169
254 178 182
252 178 179
231 157 184
231 135 172
248 146 186
241 145 183
248 154 191
246 147 191
228 126 173
229 125 174
213 110 163
220 119 175
205 112 169
190 112 170
178 108 168
186 118 179
184 109 174
175 85 157
169 17 177
174 13 169
169 70 117
210 95 136
222 89 116
239 97 111
243 98 105
247 102 99
249 103 90
246 110 96
242 118 110
239 127 126
244 145 148
234 153 159
243 179 179
244 173 171
247 167 160
250 162 150
247 151 135
251 148 129
253 142 123
252 134 120
253 131 118
255 129 120
255 128 120
255 124 116
253 114 107
249 112 104
251 113 103
252 110 98
246 104 90
249 109 94
251 115 103
252 123 117
248 125 120
242 122 121
244 132 131
240 135 139
244 145 148
231 137 138
226 146 147
226 170 173
220 145 176
225 137 175
233 149 185
248 163 202
234 145 189
213 117 165
219 115 164
231 124 176
225 120 176
215 117 174
193 109 168
184 109 168
181 109 172
187 115 178
179 102 168
169 83 154
161 58 137
228 39 121
238 39 119
170 20 180
171 11 169
161 75 120
175 81 129
194 87 129
205 81 109
228 90 106
241 94 102
244 94 95
245 97 93
249 102 92
255 135 129
244 140 141
233 154 159
244 185 171
255 184 164
255 180 154
254 169 140
250 148 123
251 139 119
253 131 118
255 129 120
255 131 119
255 125 115
248 111 101
250 112 102
255 117 107
253 115 104
255 114 97
254 113 95
253 114 95
253 116 98
252 116 102
249 115 104
247 116 108
246 121 117
252 133 135
242 133 136
227 131 132
231 159 160
214 149 179
212 145 176
237 166 200
226 150 189
204 117 162
225 125 175
229 120 173
234 122 178
234 126 184
227 129 188
210 122 182
182 100 162
187 108 171
182 103 168
164 81 149
161 64 141
215 42 121
235 45 131
246 46 132
241 40 116
177 27 187
179 19 179
238 93 98
247 99 99
245 105 104
254 117 111
254 114 101
240 106 95
247 131 131
234 145 151
241 182 152
246 178 141
248 165 131
248 146 121
249 132 114
251 127 115
254 123 113
255 124 112
250 116 104
248 110 97
250 110 95
254 114 97
252 113 94
253 113 90
252 112 89
250 111 90
252 113 94
252 112 95
251 114 98
251 117 106
247 120 114
244 130 130
239 140 143
243 165 165
229 153 192
228 134 182
219 110 165
228 106 165
232 106 169
237 117 179
233 123 186
219 123 186
201 109 174
189 94 162
175 77 150
159 60 140
221 46 125
239 47 133
249 46 135
245 44 124
245 45 118
167 19 177
176 18 175
233 94 97
248 110 110
250 126 128
253 133 132
255 129 122
242 119 112
250 142 142
241 160 167
235 190 151
246 181 139
244 160 124
247 141 119
249 127 114
252 124 115
252 118 107
251 111 96
250 109 91
252 110 90
252 110 86
252 113 94
252 112 97
249 109 92
248 110 97
243 112 102
231 116 111
232 140 141
225 129 175
217 102 157
232 104 163
228 98 160
232 106 170
230 110 174
209 93 158
204 85 153
190 73 144
172 61 138
229 47 122
239 41 124
243 37 122
240 37 118
247 46 124
241 42 122
242 46 122
227 101 104
246 122 124
243 133 136
249 143 145
248 136 134
238 130 128
240 145 149
229 159 169
190 184 172
206 191 170
220 194 161
233 188 149
246 177 136
244 154 120
252 143 123
250 128 117
250 122 111
250 116 104
248 109 88
253 112 92
253 117 105
253 120 111
248 117 107
243 120 112
251 142 137
248 157 156
233 141 182
233 120 172
235 110 168
230 91 156
232 83 149
230 75 141
218 68 129
188 56 132
244 41 120
245 43 127
242 44 129
237 44 125
236 41 117
197 25 127
190 27 136
181 27 141
173 30 146
172 38 159
172 43 172
167 41 176
226 115 122
242 135 141
235 136 141
243 147 151
243 147 149
240 151 155
228 157 163
187 183 172
196 179 161
220 189 160
237 183 147
244 161 127
247 146 118
250 140 125
247 129 119
244 121 106
254 125 104
255 121 96
255 118 89
255 115 85
251 115 103
252 125 119
255 139 139
247 139 139
246 154 155
245 154 195
233 120 172
232 94 154
229 64 130
248 42 124
244 42 126
240 42 125
241 44 124
223 29 126
218 25 134
210 23 140
200 21 147
193 23 155
189 29 163
188 35 177
184 33 186
175 31 188
159 21 176
191 88 107
232 140 155
250 164 177
246 162 177
234 152 166
234 154 167
230 184 158
237 170 141
246 152 124
249 140 117
254 142 128
255 138 126
255 139 121
255 129 107
254 120 93
255 119 87
252 111 93
255 122 114
255 134 131
255 141 143
255 153 156
240 178 179
238 143 185
253 126 179
246 82 142
241 38 120
240 33 124
234 32 134
233 30 145
229 26 151
220 24 156
204 21 161
198 24 171
202 31 185
197 28 191
192 26 198
187 26 200
171 21 191
180 94 129
230 162 185
218 152 187
221 158 187
230 189 169
238 170 147
239 151 129
248 146 124
255 142 124
255 140 123
255 137 120
255 128 109
253 121 100
251 113 85
253 111 91
255 116 106
255 122 113
253 121 116
250 123 116
255 140 132
255 163 154
249 146 139
234 125 120
239 127 125
243 137 137
234 144 146
235 155 190
255 144 191
255 106 163
242 30 130
238 30 144
237 31 158
234 28 163
223 24 169
210 23 176
208 28 189
215 35 205
203 26 204
193 19 204
187 18 205
175 16 197
159 13 184
172 74 112
193 101 142
225 141 177
222 154 177
226 164 187
222 156 192
191 124 165
193 132 166
225 169 178
244 186 162
249 163 140
250 145 123
251 139 117
255 137 115
249 129 105
253 129 103
252 122 96
251 116 87
255 116 83
255 112 95
252 111 93
247 106 88
245 108 90
243 113 99
241 110 100
244 107 99
249 116 111
241 117 117
236 133 137
253 148 189
255 125 177
246 73 127
245 29 130
242 28 150
235 24 161
235 27 175
225 24 180
218 23 187
214 26 198
215 30 212
195 15 202
184 11 201
181 12 203
176 11 201
161 8 187
172 37 155
166 35 151
173 76 129
192 90 138
199 99 137
230 134 161
232 142 154
233 147 160
216 131 160
188 107 140
196 120 150
238 160 182
232 151 157
209 145 143
234 188 164
242 167 138
248 148 120
253 140 110
253 134 102
254 129 97
252 125 90
255 128 89
247 107 94
246 107 100
254 122 118
242 126 127
240 151 155
242 145 186
252 125 176
252 89 146
204 63 113
249 30 132
245 29 156
240 27 171
233 24 178
226 21 184
226 26 197
221 28 207
213 27 216
187 7 200
173 2 194
177 10 202
182 17 208
163 7 192
186 83 138
204 100 135
230 127 148
229 127 138
215 117 130
185 91 117
168 79 109
193 104 132
235 148 165
238 149 153
231 166 162
240 161 131
245 138 104
253 131 92
252 126 85
252 123 81
250 108 88
250 113 103
240 113 107
238 126 125
246 154 157
243 178 182
241 162 193
248 163 196
249 164 197
242 155 189
240 149 184
235 139 177
236 135 175
235 141 178
255 165 204
251 130 181
227 70 125
203 62 112
215 67 125
225 67 128
226 57 122
237 58 113
249 30 132
246 30 157
240 27 171
234 24 181
227 22 189
231 27 202
230 32 215
215 28 219
184 7 201
164 0 189
166 2 193
175 9 203
162 6 193
173 75 126
215 107 139
239 132 152
228 125 142
202 104 125
198 104 128
228 140 154
229 157 160
223 156 130
238 130 91
250 110 87
246 112 100
247 125 120
239 139 141
253 176 182
242 150 187
232 131 171
238 131 173
237 126 169
244 124 170
249 122 173
250 119 171
240 113 164
236 126 171
255 160 201
244 156 194
255 162 203
255 136 190
233 70 127
227 64 127
233 62 128
238 59 124
251 32 134
248 32 159
242 28 175
238 28 187
236 29 197
235 30 209
232 33 220
214 27 222
197 21 216
179 15 206
174 18 206
176 16 208
160 7 193
197 92 125
226 118 144
220 117 144
199 111 135
230 152 166
204 171 156
222 153 124
236 128 82
244 113 92
241 123 111
240 133 127
245 155 154
246 177 182
252 162 198
231 128 171
235 123 169
244 126 174
246 124 173
250 122 173
248 113 169
250 115 171
239 112 165
255 149 196
255 151 197
255 115 174
253 68 133
230 52 114
242 59 123
245 60 117
248 31 135
247 34 162
244 32 179
243 31 191
241 33 204
235 33 215
230 35 227
211 25 222
199 25 219
182 26 213
181 33 217
171 25 209
156 14 194
174 73 113
195 89 127
184 86 125
185 112 139
229 172 187
191 171 160
214 159 136
236 150 114
243 114 85
241 139 127
246 168 164
239 169 197
243 156 191
235 132 175
235 119 166
241 119 170
248 126 177
251 120 174
246 102 163
244 94 157
238 88 149
253 110 166
255 131 183
255 118 174
230 53 123
250 36 134
248 38 163
246 36 183
245 35 194
239 36 206
232 36 221
223 36 227
209 32 226
200 33 224
184 34 217
175 33 213
177 35 215
171 32 211
158 24 199
180 79 123
175 79 125
155 100 121
203 179 167
218 167 146
236 157 124
243 140 97
231 124 104
237 151 186
233 128 171
233 117 166
238 115 169
248 125 179
255 122 179
249 93 158
238 67 135
253 72 141
244 60 130
235 51 121
254 63 140
251 43 129
252 43 162
247 40 184
245 41 202
238 41 216
221 37 219
208 35 221
203 37 223
194 38 223
182 39 217
170 31 208
179 40 217
185 43 223
164 22 202
151 12 189
171 75 121
171 77 129
184 143 151
192 190 175
191 194 173
189 191 167
193 181 157
216 180 154
230 165 133
239 151 115
248 142 100
247 129 79
243 112 91
237 133 120
235 162 155
230 134 172
226 114 162
236 113 167
242 117 172
251 111 171
255 89 158
251 45 120
251 45 156
247 42 181
245 45 203
234 42 213
219 42 220
207 42 222
197 42 221
189 45 221
182 46 218
178 44 217
185 46 223
183 41 221
166 23 203
183 94 140
167 79 129
186 129 144
218 179 172
206 184 161
197 183 157
207 185 148
224 182 144
233 168 126
242 149 105
247 137 88
244 118 93
236 115 96
233 131 117
239 136 179
243 122 173
244 113 167
231 81 144
254 78 151
241 42 125
246 43 148
243 41 175
